Open Time,Open,High,Low,Close,Close Time
2022-06-19 21:00:00,37.07300000,37.07400000,37.07300000,37.07300000,2022-06-19 21:00:59.999
2022-06-19 21:01:00,37.00000000,37.00000000,37.00000000,37.00000000,2022-06-19 21:01:59.999
2022-06-19 21:02:00,37.05800000,37.09100000,37.05600000,37.09100000,2022-06-19 21:02:59.999
2022-06-19 21:03:00,37.09100000,37.09300000,37.09100000,37.09300000,2022-06-19 21:03:59.999
2022-06-19 21:04:00,37.09300000,37.09400000,37.09000000,37.09400000,2022-06-19 21:04:59.999
2022-06-19 21:05:00,37.14600000,37.24300000,37.14500000,37.24300000,2022-06-19 21:05:59.999
2022-06-19 21:06:00,37.23200000,37.30000000,37.14100000,37.14100000,2022-06-19 21:06:59.999
2022-06-19 21:07:00,37.14100000,37.17900000,37.12300000,37.17900000,2022-06-19 21:07:59.999
2022-06-19 21:08:00,37.19300000,37.19300000,37.09300000,37.09300000,2022-06-19 21:08:59.999
2022-06-19 21:09:00,37.09700000,37.09700000,37.09100000,37.09100000,2022-06-19 21:09:59.999
2022-06-19 21:10:00,37.09300000,37.09300000,37.09300000,37.09300000,2022-06-19 21:10:59.999
2022-06-19 21:11:00,37.10500000,37.13100000,37.09100000,37.09200000,2022-06-19 21:11:59.999
2022-06-19 21:12:00,37.09200000,37.09200000,37.09200000,37.09200000,2022-06-19 21:12:59.999
2022-06-19 21:13:00,37.09200000,37.18600000,37.09200000,37.18600000,2022-06-19 21:13:59.999
2022-06-19 21:14:00,37.24600000,37.27000000,37.12300000,37.12300000,2022-06-19 21:14:59.999
2022-06-19 21:15:00,37.17400000,37.17400000,37.13500000,37.14100000,2022-06-19 21:15:59.999
2022-06-19 21:16:00,37.14100000,37.14100000,37.14100000,37.14100000,2022-06-19 21:16:59.999
2022-06-19 21:17:00,37.14100000,37.14100000,37.13100000,37.13100000,2022-06-19 21:17:59.999
2022-06-19 21:18:00,37.13100000,37.13100000,37.13100000,37.13100000,2022-06-19 21:18:59.999
2022-06-19 21:19:00,37.09400000,37.09400000,37.07200000,37.07200000,2022-06-19 21:19:59.999
2022-06-19 21:20:00,37.07200000,37.07200000,37.07200000,37.07200000,2022-06-19 21:20:59.999
2022-06-19 21:21:00,37.15000000,37.15800000,37.15000000,37.15800000,2022-06-19 21:21:59.999
2022-06-19 21:22:00,37.15800000,37.15800000,37.15800000,37.15800000,2022-06-19 21:22:59.999
2022-06-19 21:23:00,37.15800000,37.15800000,37.15800000,37.15800000,2022-06-19 21:23:59.999
2022-06-19 21:24:00,37.15800000,37.15800000,37.15800000,37.15800000,2022-06-19 21:24:59.999
2022-06-19 21:25:00,37.10000000,37.10000000,37.09900000,37.09900000,2022-06-19 21:25:59.999
2022-06-19 21:26:00,37.09800000,37.09800000,37.09800000,37.09800000,2022-06-19 21:26:59.999
2022-06-19 21:27:00,37.09700000,37.09700000,37.09700000,37.09700000,2022-06-19 21:27:59.999
2022-06-19 21:28:00,37.09700000,37.09700000,37.09700000,37.09700000,2022-06-19 21:28:59.999
2022-06-19 21:29:00,37.07300000,37.07300000,37.07200000,37.07200000,2022-06-19 21:29:59.999
2022-06-19 21:30:00,37.07200000,37.07200000,37.07200000,37.07200000,2022-06-19 21:30:59.999
2022-06-19 21:31:00,36.84500000,36.84600000,36.84500000,36.84500000,2022-06-19 21:31:59.999
2022-06-19 21:32:00,36.84500000,36.84500000,36.84500000,36.84500000,2022-06-19 21:32:59.999
2022-06-19 21:33:00,37.08900000,37.09700000,37.08900000,37.09700000,2022-06-19 21:33:59.999
2022-06-19 21:34:00,37.09700000,37.09700000,37.09700000,37.09700000,2022-06-19 21:34:59.999
2022-06-19 21:35:00,37.09700000,37.09700000,37.09700000,37.09700000,2022-06-19 21:35:59.999
2022-06-19 21:36:00,37.09700000,37.09700000,37.09700000,37.09700000,2022-06-19 21:36:59.999
2022-06-19 21:37:00,37.08900000,37.08900000,37.08900000,37.08900000,2022-06-19 21:37:59.999
2022-06-19 21:38:00,37.08900000,37.08900000,37.08900000,37.08900000,2022-06-19 21:38:59.999
2022-06-19 21:39:00,36.92700000,36.93000000,36.92700000,36.93000000,2022-06-19 21:39:59.999
2022-06-19 21:40:00,36.93000000,36.93000000,36.93000000,36.93000000,2022-06-19 21:40:59.999
2022-06-19 21:41:00,36.93000000,36.93000000,36.93000000,36.93000000,2022-06-19 21:41:59.999
2022-06-19 21:42:00,36.99000000,36.99000000,36.99000000,36.99000000,2022-06-19 21:42:59.999
2022-06-19 21:43:00,36.99000000,36.99000000,36.96000000,36.96000000,2022-06-19 21:43:59.999
2022-06-19 21:44:00,36.96100000,36.96100000,36.96000000,36.96000000,2022-06-19 21:44:59.999
2022-06-19 21:45:00,36.97500000,36.97500000,36.97400000,36.97400000,2022-06-19 21:45:59.999
2022-06-19 21:46:00,36.97400000,36.97400000,36.97400000,36.97400000,2022-06-19 21:46:59.999
2022-06-19 21:47:00,36.97700000,36.97700000,36.97700000,36.97700000,2022-06-19 21:47:59.999
2022-06-19 21:48:00,36.97800000,36.97800000,36.97500000,36.97500000,2022-06-19 21:48:59.999
2022-06-19 21:49:00,36.97500000,36.97500000,36.97500000,36.97500000,2022-06-19 21:49:59.999
2022-06-19 21:50:00,36.97500000,36.97500000,36.97500000,36.97500000,2022-06-19 21:50:59.999
2022-06-19 21:51:00,37.00000000,37.09000000,37.00000000,37.09000000,2022-06-19 21:51:59.999
2022-06-19 21:52:00,37.08800000,37.09000000,37.00500000,37.00500000,2022-06-19 21:52:59.999
2022-06-19 21:53:00,36.97600000,36.97600000,36.97500000,36.97500000,2022-06-19 21:53:59.999
2022-06-19 21:54:00,36.97800000,36.97800000,36.97400000,36.97400000,2022-06-19 21:54:59.999
2022-06-19 21:55:00,36.97600000,36.97600000,36.92900000,36.93000000,2022-06-19 21:55:59.999
2022-06-19 21:56:00,36.93000000,36.93000000,36.93000000,36.93000000,2022-06-19 21:56:59.999
2022-06-19 21:57:00,36.93000000,36.93000000,36.93000000,36.93000000,2022-06-19 21:57:59.999
2022-06-19 21:58:00,36.93000000,36.93000000,36.93000000,36.93000000,2022-06-19 21:58:59.999
2022-06-19 21:59:00,36.93000000,36.93000000,36.93000000,36.93000000,2022-06-19 21:59:59.999
2022-06-19 22:00:00,36.93000000,36.93000000,36.93000000,36.93000000,2022-06-19 22:00:59.999
2022-06-19 22:01:00,36.93000000,36.93000000,36.93000000,36.93000000,2022-06-19 22:01:59.999
2022-06-19 22:02:00,36.93000000,36.93000000,36.93000000,36.93000000,2022-06-19 22:02:59.999
2022-06-19 22:03:00,36.93000000,36.93000000,36.93000000,36.93000000,2022-06-19 22:03:59.999
2022-06-19 22:04:00,36.93000000,36.93000000,36.93000000,36.93000000,2022-06-19 22:04:59.999
2022-06-19 22:05:00,37.08700000,37.08800000,37.08700000,37.08800000,2022-06-19 22:05:59.999
2022-06-19 22:06:00,37.08800000,37.08800000,37.08800000,37.08800000,2022-06-19 22:06:59.999
2022-06-19 22:07:00,37.08800000,37.08800000,37.08800000,37.08800000,2022-06-19 22:07:59.999
2022-06-19 22:08:00,37.08800000,37.08800000,37.08800000,37.08800000,2022-06-19 22:08:59.999
2022-06-19 22:09:00,37.08800000,37.08800000,37.08800000,37.08800000,2022-06-19 22:09:59.999
2022-06-19 22:10:00,37.08800000,37.08800000,37.08800000,37.08800000,2022-06-19 22:10:59.999
2022-06-19 22:11:00,37.08800000,37.08800000,37.08800000,37.08800000,2022-06-19 22:11:59.999
2022-06-19 22:12:00,37.08800000,37.08800000,37.08800000,37.08800000,2022-06-19 22:12:59.999
2022-06-19 22:13:00,37.08800000,37.08800000,37.08800000,37.08800000,2022-06-19 22:13:59.999
2022-06-19 22:14:00,36.92800000,36.92800000,36.83800000,36.83800000,2022-06-19 22:14:59.999
2022-06-19 22:15:00,36.85500000,36.85500000,36.85000000,36.85000000,2022-06-19 22:15:59.999
2022-06-19 22:16:00,36.85000000,36.85000000,36.85000000,36.85000000,2022-06-19 22:16:59.999
2022-06-19 22:17:00,36.85000000,36.85000000,36.85000000,36.85000000,2022-06-19 22:17:59.999
2022-06-19 22:18:00,36.85000000,36.85000000,36.85000000,36.85000000,2022-06-19 22:18:59.999
2022-06-19 22:19:00,36.85000000,36.85000000,36.85000000,36.85000000,2022-06-19 22:19:59.999
2022-06-19 22:20:00,36.85000000,36.85000000,36.85000000,36.85000000,2022-06-19 22:20:59.999
2022-06-19 22:21:00,36.85000000,36.85000000,36.85000000,36.85000000,2022-06-19 22:21:59.999
2022-06-19 22:22:00,36.85000000,36.85000000,36.85000000,36.85000000,2022-06-19 22:22:59.999
2022-06-19 22:23:00,36.85000000,36.85000000,36.85000000,36.85000000,2022-06-19 22:23:59.999
2022-06-19 22:24:00,36.85000000,36.85000000,36.85000000,36.85000000,2022-06-19 22:24:59.999
2022-06-19 22:25:00,36.95100000,36.95100000,36.95100000,36.95100000,2022-06-19 22:25:59.999
2022-06-19 22:26:00,36.95100000,36.95100000,36.95100000,36.95100000,2022-06-19 22:26:59.999
2022-06-19 22:27:00,36.95100000,36.95100000,36.95100000,36.95100000,2022-06-19 22:27:59.999
2022-06-19 22:28:00,36.95100000,36.95100000,36.95100000,36.95100000,2022-06-19 22:28:59.999
2022-06-19 22:29:00,36.95100000,36.95100000,36.95100000,36.95100000,2022-06-19 22:29:59.999
2022-06-19 22:30:00,36.95100000,36.95100000,36.95100000,36.95100000,2022-06-19 22:30:59.999
2022-06-19 22:31:00,36.95100000,36.95100000,36.95100000,36.95100000,2022-06-19 22:31:59.999
2022-06-19 22:32:00,36.95100000,36.95100000,36.95100000,36.95100000,2022-06-19 22:32:59.999
2022-06-19 22:33:00,36.95100000,36.95100000,36.95100000,36.95100000,2022-06-19 22:33:59.999
2022-06-19 22:34:00,36.95100000,36.95100000,36.95100000,36.95100000,2022-06-19 22:34:59.999
2022-06-19 22:35:00,36.95100000,36.95100000,36.95100000,36.95100000,2022-06-19 22:35:59.999
2022-06-19 22:36:00,36.95100000,36.95100000,36.95100000,36.95100000,2022-06-19 22:36:59.999
2022-06-19 22:37:00,36.95100000,36.95100000,36.95100000,36.95100000,2022-06-19 22:37:59.999
2022-06-19 22:38:00,36.95100000,36.95100000,36.95100000,36.95100000,2022-06-19 22:38:59.999
2022-06-19 22:39:00,36.95100000,36.95100000,36.95100000,36.95100000,2022-06-19 22:39:59.999
2022-06-19 22:40:00,36.95100000,36.95100000,36.95100000,36.95100000,2022-06-19 22:40:59.999
2022-06-19 22:41:00,36.96100000,36.96100000,36.96000000,36.96000000,2022-06-19 22:41:59.999
2022-06-19 22:42:00,36.96000000,36.96000000,36.96000000,36.96000000,2022-06-19 22:42:59.999
2022-06-19 22:43:00,36.96100000,36.96100000,36.96100000,36.96100000,2022-06-19 22:43:59.999
2022-06-19 22:44:00,36.96100000,36.96100000,36.96100000,36.96100000,2022-06-19 22:44:59.999
2022-06-19 22:45:00,36.96100000,36.96100000,36.96100000,36.96100000,2022-06-19 22:45:59.999
2022-06-19 22:46:00,36.96100000,36.96100000,36.96100000,36.96100000,2022-06-19 22:46:59.999
2022-06-19 22:47:00,36.96100000,36.96100000,36.96100000,36.96100000,2022-06-19 22:47:59.999
2022-06-19 22:48:00,36.96100000,36.96100000,36.96100000,36.96100000,2022-06-19 22:48:59.999
2022-06-19 22:49:00,36.96100000,36.96100000,36.96100000,36.96100000,2022-06-19 22:49:59.999
2022-06-19 22:50:00,36.96100000,36.96100000,36.96100000,36.96100000,2022-06-19 22:50:59.999
2022-06-19 22:51:00,36.96100000,36.96100000,36.96100000,36.96100000,2022-06-19 22:51:59.999
2022-06-19 22:52:00,36.96100000,36.96100000,36.96100000,36.96100000,2022-06-19 22:52:59.999
2022-06-19 22:53:00,36.96100000,36.96100000,36.96100000,36.96100000,2022-06-19 22:53:59.999
2022-06-19 22:54:00,36.96200000,36.96200000,36.96200000,36.96200000,2022-06-19 22:54:59.999
2022-06-19 22:55:00,36.96100000,36.96100000,36.95200000,36.95200000,2022-06-19 22:55:59.999
2022-06-19 22:56:00,36.95200000,36.95200000,36.95200000,36.95200000,2022-06-19 22:56:59.999
2022-06-19 22:57:00,36.95200000,36.95200000,36.95200000,36.95200000,2022-06-19 22:57:59.999
2022-06-19 22:58:00,36.95200000,36.95200000,36.95200000,36.95200000,2022-06-19 22:58:59.999
2022-06-19 22:59:00,36.95200000,36.95200000,36.95200000,36.95200000,2022-06-19 22:59:59.999
2022-06-19 23:00:00,37.11500000,37.11500000,37.11500000,37.11500000,2022-06-19 23:00:59.999
2022-06-19 23:01:00,37.11500000,37.11500000,37.11500000,37.11500000,2022-06-19 23:01:59.999
2022-06-19 23:02:00,37.11500000,37.11500000,37.11500000,37.11500000,2022-06-19 23:02:59.999
2022-06-19 23:03:00,37.11500000,37.11500000,37.11500000,37.11500000,2022-06-19 23:03:59.999
2022-06-19 23:04:00,37.11500000,37.11500000,37.11500000,37.11500000,2022-06-19 23:04:59.999
2022-06-19 23:05:00,36.95000000,36.95000000,36.94900000,36.95000000,2022-06-19 23:05:59.999
2022-06-19 23:06:00,36.95000000,36.95000000,36.95000000,36.95000000,2022-06-19 23:06:59.999
2022-06-19 23:07:00,36.94600000,36.94600000,36.88200000,36.88200000,2022-06-19 23:07:59.999
2022-06-19 23:08:00,36.89900000,36.90000000,36.85700000,36.85700000,2022-06-19 23:08:59.999
2022-06-19 23:09:00,36.87100000,36.87800000,36.87100000,36.87800000,2022-06-19 23:09:59.999
2022-06-19 23:10:00,36.87800000,36.87800000,36.87800000,36.87800000,2022-06-19 23:10:59.999
2022-06-19 23:11:00,36.87800000,36.87800000,36.87800000,36.87800000,2022-06-19 23:11:59.999
2022-06-19 23:12:00,36.90000000,36.90000000,36.87000000,36.87100000,2022-06-19 23:12:59.999
2022-06-19 23:13:00,36.87100000,36.87100000,36.87100000,36.87100000,2022-06-19 23:13:59.999
2022-06-19 23:14:00,36.87100000,36.87100000,36.87100000,36.87100000,2022-06-19 23:14:59.999
2022-06-19 23:15:00,36.91900000,36.92600000,36.91900000,36.92600000,2022-06-19 23:15:59.999
2022-06-19 23:16:00,36.92600000,36.92600000,36.92600000,36.92600000,2022-06-19 23:16:59.999
2022-06-19 23:17:00,36.87000000,36.87000000,36.83000000,36.83000000,2022-06-19 23:17:59.999
2022-06-19 23:18:00,36.84100000,36.85000000,36.84000000,36.85000000,2022-06-19 23:18:59.999
2022-06-19 23:19:00,36.85000000,36.85000000,36.85000000,36.85000000,2022-06-19 23:19:59.999
2022-06-19 23:20:00,36.85000000,36.85000000,36.85000000,36.85000000,2022-06-19 23:20:59.999
2022-06-19 23:21:00,36.85900000,36.88000000,36.85900000,36.88000000,2022-06-19 23:21:59.999
2022-06-19 23:22:00,36.88000000,36.88000000,36.88000000,36.88000000,2022-06-19 23:22:59.999
2022-06-19 23:23:00,36.88000000,36.88000000,36.88000000,36.88000000,2022-06-19 23:23:59.999
2022-06-19 23:24:00,36.88100000,36.97300000,36.87700000,36.97300000,2022-06-19 23:24:59.999
2022-06-19 23:25:00,36.97300000,36.97300000,36.97300000,36.97300000,2022-06-19 23:25:59.999
2022-06-19 23:26:00,36.97300000,36.97300000,36.97300000,36.97300000,2022-06-19 23:26:59.999
2022-06-19 23:27:00,36.95400000,36.95400000,36.95400000,36.95400000,2022-06-19 23:27:59.999
2022-06-19 23:28:00,36.88600000,36.88600000,36.88600000,36.88600000,2022-06-19 23:28:59.999
2022-06-19 23:29:00,36.88600000,36.88600000,36.88600000,36.88600000,2022-06-19 23:29:59.999
2022-06-19 23:30:00,36.88600000,36.88600000,36.88600000,36.88600000,2022-06-19 23:30:59.999
2022-06-19 23:31:00,36.88600000,36.88600000,36.88600000,36.88600000,2022-06-19 23:31:59.999
2022-06-19 23:32:00,37.02600000,37.02600000,37.02600000,37.02600000,2022-06-19 23:32:59.999
2022-06-19 23:33:00,37.02600000,37.02600000,37.02600000,37.02600000,2022-06-19 23:33:59.999
2022-06-19 23:34:00,37.02600000,37.02600000,37.02600000,37.02600000,2022-06-19 23:34:59.999
2022-06-19 23:35:00,37.02600000,37.02600000,37.02600000,37.02600000,2022-06-19 23:35:59.999
2022-06-19 23:36:00,37.02600000,37.02600000,37.02600000,37.02600000,2022-06-19 23:36:59.999
2022-06-19 23:37:00,37.02600000,37.02600000,37.02600000,37.02600000,2022-06-19 23:37:59.999
2022-06-19 23:38:00,37.02600000,37.02600000,37.02600000,37.02600000,2022-06-19 23:38:59.999
2022-06-19 23:39:00,37.01800000,37.02400000,37.00600000,37.00600000,2022-06-19 23:39:59.999
2022-06-19 23:40:00,37.00600000,37.04900000,37.00600000,37.04900000,2022-06-19 23:40:59.999
2022-06-19 23:41:00,37.04400000,37.04400000,37.04400000,37.04400000,2022-06-19 23:41:59.999
2022-06-19 23:42:00,37.01000000,37.01000000,37.01000000,37.01000000,2022-06-19 23:42:59.999
2022-06-19 23:43:00,37.01000000,37.01000000,37.01000000,37.01000000,2022-06-19 23:43:59.999
2022-06-19 23:44:00,37.01000000,37.01000000,37.01000000,37.01000000,2022-06-19 23:44:59.999
2022-06-19 23:45:00,37.01000000,37.01000000,37.01000000,37.01000000,2022-06-19 23:45:59.999
2022-06-19 23:46:00,37.03200000,37.06900000,37.03200000,37.06900000,2022-06-19 23:46:59.999
2022-06-19 23:47:00,37.09700000,37.12000000,37.09700000,37.12000000,2022-06-19 23:47:59.999
2022-06-19 23:48:00,37.12400000,37.12600000,37.12100000,37.12100000,2022-06-19 23:48:59.999
2022-06-19 23:49:00,37.12100000,37.12100000,37.12100000,37.12100000,2022-06-19 23:49:59.999
2022-06-19 23:50:00,37.12100000,37.12100000,37.12100000,37.12100000,2022-06-19 23:50:59.999
2022-06-19 23:51:00,37.10600000,37.10600000,37.10600000,37.10600000,2022-06-19 23:51:59.999
2022-06-19 23:52:00,37.10600000,37.10600000,37.10600000,37.10600000,2022-06-19 23:52:59.999
2022-06-19 23:53:00,37.11800000,37.11800000,37.11800000,37.11800000,2022-06-19 23:53:59.999
2022-06-19 23:54:00,37.11800000,37.11800000,37.11800000,37.11800000,2022-06-19 23:54:59.999
2022-06-19 23:55:00,37.11800000,37.11800000,37.11800000,37.11800000,2022-06-19 23:55:59.999
2022-06-19 23:56:00,37.11800000,37.11800000,37.11800000,37.11800000,2022-06-19 23:56:59.999
2022-06-19 23:57:00,37.13500000,37.14200000,37.13500000,37.14200000,2022-06-19 23:57:59.999
2022-06-19 23:58:00,37.14200000,37.14200000,37.14200000,37.14200000,2022-06-19 23:58:59.999
2022-06-19 23:59:00,37.14200000,37.14200000,37.14200000,37.14200000,2022-06-19 23:59:59.999
2022-06-20 00:00:00,37.14200000,37.14200000,37.14200000,37.14200000,2022-06-20 00:00:59.999
2022-06-20 00:01:00,37.26500000,37.27600000,37.26500000,37.27600000,2022-06-20 00:01:59.999
2022-06-20 00:02:00,37.21200000,37.21200000,37.21200000,37.21200000,2022-06-20 00:02:59.999
2022-06-20 00:03:00,37.21200000,37.21200000,37.21200000,37.21200000,2022-06-20 00:03:59.999
2022-06-20 00:04:00,37.21200000,37.21200000,37.21200000,37.21200000,2022-06-20 00:04:59.999
2022-06-20 00:05:00,37.21200000,37.21200000,37.21200000,37.21200000,2022-06-20 00:05:59.999
2022-06-20 00:06:00,37.21200000,37.21200000,37.21200000,37.21200000,2022-06-20 00:06:59.999
2022-06-20 00:07:00,37.05400000,37.05400000,37.05400000,37.05400000,2022-06-20 00:07:59.999
2022-06-20 00:08:00,37.05400000,37.05400000,37.05400000,37.05400000,2022-06-20 00:08:59.999
2022-06-20 00:09:00,37.05400000,37.05400000,37.05400000,37.05400000,2022-06-20 00:09:59.999
2022-06-20 00:10:00,37.02900000,37.02900000,37.00000000,37.00000000,2022-06-20 00:10:59.999
2022-06-20 00:11:00,36.95800000,36.95800000,36.95800000,36.95800000,2022-06-20 00:11:59.999
2022-06-20 00:12:00,36.98500000,36.98500000,36.89400000,36.94500000,2022-06-20 00:12:59.999
2022-06-20 00:13:00,36.92100000,36.94300000,36.90300000,36.94300000,2022-06-20 00:13:59.999
2022-06-20 00:14:00,36.89600000,36.92900000,36.89000000,36.90500000,2022-06-20 00:14:59.999
2022-06-20 00:15:00,36.96200000,36.96200000,36.89000000,36.92000000,2022-06-20 00:15:59.999
2022-06-20 00:16:00,36.93000000,36.93000000,36.87700000,36.92600000,2022-06-20 00:16:59.999
2022-06-20 00:17:00,36.92800000,36.98500000,36.92800000,36.98100000,2022-06-20 00:17:59.999
2022-06-20 00:18:00,36.96100000,36.96200000,36.96100000,36.96200000,2022-06-20 00:18:59.999
2022-06-20 00:19:00,37.02600000,37.02600000,37.02600000,37.02600000,2022-06-20 00:19:59.999
2022-06-20 00:20:00,37.02600000,37.02600000,37.02600000,37.02600000,2022-06-20 00:20:59.999
2022-06-20 00:21:00,37.02600000,37.02600000,37.02600000,37.02600000,2022-06-20 00:21:59.999
2022-06-20 00:22:00,37.02600000,37.02600000,37.02600000,37.02600000,2022-06-20 00:22:59.999
2022-06-20 00:23:00,37.02600000,37.02600000,37.02600000,37.02600000,2022-06-20 00:23:59.999
2022-06-20 00:24:00,37.02600000,37.02600000,37.02600000,37.02600000,2022-06-20 00:24:59.999
2022-06-20 00:25:00,36.97600000,36.97600000,36.97600000,36.97600000,2022-06-20 00:25:59.999
2022-06-20 00:26:00,36.97600000,36.97600000,36.97600000,36.97600000,2022-06-20 00:26:59.999
2022-06-20 00:27:00,36.97600000,36.97600000,36.97600000,36.97600000,2022-06-20 00:27:59.999
2022-06-20 00:28:00,36.97600000,36.97600000,36.97600000,36.97600000,2022-06-20 00:28:59.999
2022-06-20 00:29:00,36.97600000,36.97600000,36.97600000,36.97600000,2022-06-20 00:29:59.999
2022-06-20 00:30:00,37.01100000,37.01200000,37.01100000,37.01200000,2022-06-20 00:30:59.999
2022-06-20 00:31:00,37.05400000,37.05400000,37.03800000,37.03800000,2022-06-20 00:31:59.999
2022-06-20 00:32:00,36.92200000,36.92200000,36.87000000,36.88500000,2022-06-20 00:32:59.999
2022-06-20 00:33:00,36.80100000,36.83300000,36.80000000,36.81900000,2022-06-20 00:33:59.999
2022-06-20 00:34:00,36.87200000,36.90000000,36.87200000,36.90000000,2022-06-20 00:34:59.999
2022-06-20 00:35:00,36.83100000,36.87100000,36.82200000,36.87100000,2022-06-20 00:35:59.999
2022-06-20 00:36:00,36.90300000,36.90400000,36.90300000,36.90400000,2022-06-20 00:36:59.999
2022-06-20 00:37:00,36.83400000,36.83400000,36.81800000,36.82700000,2022-06-20 00:37:59.999
2022-06-20 00:38:00,36.84200000,36.84300000,36.84000000,36.84000000,2022-06-20 00:38:59.999
2022-06-20 00:39:00,36.85900000,36.85900000,36.85800000,36.85800000,2022-06-20 00:39:59.999
2022-06-20 00:40:00,36.85800000,36.85800000,36.85800000,36.85800000,2022-06-20 00:40:59.999
2022-06-20 00:41:00,36.85800000,36.85800000,36.85800000,36.85800000,2022-06-20 00:41:59.999
2022-06-20 00:42:00,36.91100000,36.91100000,36.87600000,36.87600000,2022-06-20 00:42:59.999
2022-06-20 00:43:00,36.84900000,36.84900000,36.84900000,36.84900000,2022-06-20 00:43:59.999
2022-06-20 00:44:00,36.84900000,36.84900000,36.84900000,36.84900000,2022-06-20 00:44:59.999
2022-06-20 00:45:00,36.87600000,36.87600000,36.87600000,36.87600000,2022-06-20 00:45:59.999
2022-06-20 00:46:00,36.87600000,36.87600000,36.87600000,36.87600000,2022-06-20 00:46:59.999
2022-06-20 00:47:00,36.87600000,36.87600000,36.87600000,36.87600000,2022-06-20 00:47:59.999
2022-06-20 00:48:00,36.85000000,36.85000000,36.85000000,36.85000000,2022-06-20 00:48:59.999
2022-06-20 00:49:00,36.92100000,36.92500000,36.92100000,36.92500000,2022-06-20 00:49:59.999
2022-06-20 00:50:00,36.92500000,36.92500000,36.92500000,36.92500000,2022-06-20 00:50:59.999
2022-06-20 00:51:00,36.85000000,36.85000000,36.78800000,36.81200000,2022-06-20 00:51:59.999
2022-06-20 00:52:00,36.81200000,36.81200000,36.81100000,36.81100000,2022-06-20 00:52:59.999
2022-06-20 00:53:00,36.82400000,36.82400000,36.82400000,36.82400000,2022-06-20 00:53:59.999
2022-06-20 00:54:00,36.82400000,36.82400000,36.82400000,36.82400000,2022-06-20 00:54:59.999
2022-06-20 00:55:00,36.84300000,36.84300000,36.84300000,36.84300000,2022-06-20 00:55:59.999
2022-06-20 00:56:00,36.84300000,36.84300000,36.84300000,36.84300000,2022-06-20 00:56:59.999
2022-06-20 00:57:00,36.81000000,36.81000000,36.81000000,36.81000000,2022-06-20 00:57:59.999
2022-06-20 00:58:00,36.81000000,36.81000000,36.75200000,36.75200000,2022-06-20 00:58:59.999
2022-06-20 00:59:00,36.75200000,36.75200000,36.75000000,36.75000000,2022-06-20 00:59:59.999
2022-06-20 01:00:00,36.75100000,36.75900000,36.70400000,36.70400000,2022-06-20 01:00:59.999
2022-06-20 01:01:00,36.75000000,36.90500000,36.75000000,36.90500000,2022-06-20 01:01:59.999
2022-06-20 01:02:00,36.83800000,36.83800000,36.83800000,36.83800000,2022-06-20 01:02:59.999
2022-06-20 01:03:00,36.86900000,36.88000000,36.86900000,36.88000000,2022-06-20 01:03:59.999
2022-06-20 01:04:00,36.88000000,36.88000000,36.88000000,36.88000000,2022-06-20 01:04:59.999
2022-06-20 01:05:00,36.89100000,36.89100000,36.89100000,36.89100000,2022-06-20 01:05:59.999
2022-06-20 01:06:00,36.87400000,36.87400000,36.86000000,36.86000000,2022-06-20 01:06:59.999
2022-06-20 01:07:00,36.85800000,36.85800000,36.85800000,36.85800000,2022-06-20 01:07:59.999
2022-06-20 01:08:00,36.85800000,36.85800000,36.85800000,36.85800000,2022-06-20 01:08:59.999
2022-06-20 01:09:00,36.82900000,36.82900000,36.82900000,36.82900000,2022-06-20 01:09:59.999
2022-06-20 01:10:00,36.78600000,36.78600000,36.78600000,36.78600000,2022-06-20 01:10:59.999
2022-06-20 01:11:00,36.77200000,36.86600000,36.74400000,36.74400000,2022-06-20 01:11:59.999
2022-06-20 01:12:00,36.74400000,36.74900000,36.74400000,36.74900000,2022-06-20 01:12:59.999
2022-06-20 01:13:00,36.80000000,36.80700000,36.77300000,36.77300000,2022-06-20 01:13:59.999
2022-06-20 01:14:00,36.71000000,36.81800000,36.71000000,36.81800000,2022-06-20 01:14:59.999
2022-06-20 01:15:00,36.81800000,36.81800000,36.81800000,36.81800000,2022-06-20 01:15:59.999
2022-06-20 01:16:00,36.71800000,36.76700000,36.70600000,36.70600000,2022-06-20 01:16:59.999
2022-06-20 01:17:00,36.80300000,36.88300000,36.80300000,36.88300000,2022-06-20 01:17:59.999
2022-06-20 01:18:00,36.71400000,36.71400000,36.65000000,36.65000000,2022-06-20 01:18:59.999
2022-06-20 01:19:00,36.69600000,36.69600000,36.65000000,36.65000000,2022-06-20 01:19:59.999
2022-06-20 01:20:00,36.65000000,36.65000000,36.65000000,36.65000000,2022-06-20 01:20:59.999
2022-06-20 01:21:00,36.67400000,36.69300000,36.67400000,36.69300000,2022-06-20 01:21:59.999
2022-06-20 01:22:00,36.60000000,36.60000000,36.51900000,36.51900000,2022-06-20 01:22:59.999
2022-06-20 01:23:00,36.60400000,36.60400000,36.60400000,36.60400000,2022-06-20 01:23:59.999
2022-06-20 01:24:00,36.61700000,36.69400000,36.61700000,36.69400000,2022-06-20 01:24:59.999
2022-06-20 01:25:00,36.69400000,36.69400000,36.69400000,36.69400000,2022-06-20 01:25:59.999
2022-06-20 01:26:00,36.69400000,36.69400000,36.69400000,36.69400000,2022-06-20 01:26:59.999
2022-06-20 01:27:00,36.69400000,36.69400000,36.69400000,36.69400000,2022-06-20 01:27:59.999
2022-06-20 01:28:00,36.69400000,36.69400000,36.69400000,36.69400000,2022-06-20 01:28:59.999
2022-06-20 01:29:00,36.69400000,36.69400000,36.69400000,36.69400000,2022-06-20 01:29:59.999
2022-06-20 01:30:00,36.69400000,36.69400000,36.69400000,36.69400000,2022-06-20 01:30:59.999
2022-06-20 01:31:00,36.69400000,36.69400000,36.69400000,36.69400000,2022-06-20 01:31:59.999
2022-06-20 01:32:00,36.69400000,36.69400000,36.69400000,36.69400000,2022-06-20 01:32:59.999
2022-06-20 01:33:00,36.69400000,36.69400000,36.69400000,36.69400000,2022-06-20 01:33:59.999
2022-06-20 01:34:00,36.69400000,36.69400000,36.69400000,36.69400000,2022-06-20 01:34:59.999
2022-06-20 01:35:00,36.69400000,36.69400000,36.69400000,36.69400000,2022-06-20 01:35:59.999
2022-06-20 01:36:00,36.69400000,36.69400000,36.69400000,36.69400000,2022-06-20 01:36:59.999
2022-06-20 01:37:00,36.69400000,36.69400000,36.69400000,36.69400000,2022-06-20 01:37:59.999
2022-06-20 01:38:00,36.69400000,36.69400000,36.69400000,36.69400000,2022-06-20 01:38:59.999
2022-06-20 01:39:00,36.69400000,36.69400000,36.69400000,36.69400000,2022-06-20 01:39:59.999
2022-06-20 01:40:00,36.51600000,36.51600000,36.50000000,36.50000000,2022-06-20 01:40:59.999
2022-06-20 01:41:00,36.50800000,36.54900000,36.49800000,36.54900000,2022-06-20 01:41:59.999
2022-06-20 01:42:00,36.54900000,36.54900000,36.54900000,36.54900000,2022-06-20 01:42:59.999
2022-06-20 01:43:00,36.54900000,36.54900000,36.54900000,36.54900000,2022-06-20 01:43:59.999
2022-06-20 01:44:00,36.54900000,36.54900000,36.54900000,36.54900000,2022-06-20 01:44:59.999
2022-06-20 01:45:00,36.55700000,36.55700000,36.48200000,36.48200000,2022-06-20 01:45:59.999
2022-06-20 01:46:00,36.52300000,36.68300000,36.52300000,36.52600000,2022-06-20 01:46:59.999
2022-06-20 01:47:00,36.52600000,36.52600000,36.52600000,36.52600000,2022-06-20 01:47:59.999
2022-06-20 01:48:00,36.58300000,36.64300000,36.58300000,36.64300000,2022-06-20 01:48:59.999
2022-06-20 01:49:00,36.58600000,36.58600000,36.53900000,36.53900000,2022-06-20 01:49:59.999
2022-06-20 01:50:00,36.53900000,36.53900000,36.53900000,36.53900000,2022-06-20 01:50:59.999
2022-06-20 01:51:00,36.51800000,36.52100000,36.51800000,36.52100000,2022-06-20 01:51:59.999
2022-06-20 01:52:00,36.56900000,36.57000000,36.56900000,36.57000000,2022-06-20 01:52:59.999
2022-06-20 01:53:00,36.54500000,36.64300000,36.54500000,36.64300000,2022-06-20 01:53:59.999
2022-06-20 01:54:00,36.68300000,36.76200000,36.68300000,36.76200000,2022-06-20 01:54:59.999
2022-06-20 01:55:00,36.75600000,36.75700000,36.61300000,36.65800000,2022-06-20 01:55:59.999
2022-06-20 01:56:00,36.65800000,36.65800000,36.65800000,36.65800000,2022-06-20 01:56:59.999
2022-06-20 01:57:00,36.65800000,36.65800000,36.65800000,36.65800000,2022-06-20 01:57:59.999
2022-06-20 01:58:00,36.65800000,36.65800000,36.65800000,36.65800000,2022-06-20 01:58:59.999
2022-06-20 01:59:00,36.65800000,36.65800000,36.65800000,36.65800000,2022-06-20 01:59:59.999
2022-06-20 02:00:00,36.65800000,36.65800000,36.65800000,36.65800000,2022-06-20 02:00:59.999
2022-06-20 02:01:00,36.76900000,36.76900000,36.76900000,36.76900000,2022-06-20 02:01:59.999
2022-06-20 02:02:00,36.76900000,36.76900000,36.76900000,36.76900000,2022-06-20 02:02:59.999
2022-06-20 02:03:00,36.76900000,36.76900000,36.76900000,36.76900000,2022-06-20 02:03:59.999
2022-06-20 02:04:00,36.76900000,36.76900000,36.76900000,36.76900000,2022-06-20 02:04:59.999
2022-06-20 02:05:00,36.76900000,36.76900000,36.76900000,36.76900000,2022-06-20 02:05:59.999
2022-06-20 02:06:00,37.00000000,37.00000000,37.00000000,37.00000000,2022-06-20 02:06:59.999
2022-06-20 02:07:00,37.00000000,37.00000000,37.00000000,37.00000000,2022-06-20 02:07:59.999
2022-06-20 02:08:00,37.00000000,37.00000000,37.00000000,37.00000000,2022-06-20 02:08:59.999
2022-06-20 02:09:00,37.00000000,37.00000000,37.00000000,37.00000000,2022-06-20 02:09:59.999
2022-06-20 02:10:00,36.99700000,36.99800000,36.99200000,36.99400000,2022-06-20 02:10:59.999
2022-06-20 02:11:00,36.84200000,36.84200000,36.84200000,36.84200000,2022-06-20 02:11:59.999
2022-06-20 02:12:00,36.83800000,36.83800000,36.83800000,36.83800000,2022-06-20 02:12:59.999
2022-06-20 02:13:00,36.83800000,36.83800000,36.83800000,36.83800000,2022-06-20 02:13:59.999
2022-06-20 02:14:00,36.90300000,36.90300000,36.90300000,36.90300000,2022-06-20 02:14:59.999
2022-06-20 02:15:00,36.81600000,36.81600000,36.81000000,36.81000000,2022-06-20 02:15:59.999
2022-06-20 02:16:00,36.83900000,36.84400000,36.83900000,36.84400000,2022-06-20 02:16:59.999
2022-06-20 02:17:00,36.78800000,36.80100000,36.77700000,36.80100000,2022-06-20 02:17:59.999
2022-06-20 02:18:00,36.78600000,36.78600000,36.78600000,36.78600000,2022-06-20 02:18:59.999
2022-06-20 02:19:00,36.78600000,36.78600000,36.78600000,36.78600000,2022-06-20 02:19:59.999
2022-06-20 02:20:00,36.79900000,36.94400000,36.79900000,36.94400000,2022-06-20 02:20:59.999
2022-06-20 02:21:00,36.94400000,36.94400000,36.94400000,36.94400000,2022-06-20 02:21:59.999
2022-06-20 02:22:00,36.84900000,36.84900000,36.84700000,36.84700000,2022-06-20 02:22:59.999
2022-06-20 02:23:00,36.80700000,36.85900000,36.80700000,36.85900000,2022-06-20 02:23:59.999
2022-06-20 02:24:00,36.82600000,36.82600000,36.76500000,36.76600000,2022-06-20 02:24:59.999
2022-06-20 02:25:00,36.72400000,36.75700000,36.72100000,36.72800000,2022-06-20 02:25:59.999
2022-06-20 02:26:00,36.68400000,36.69700000,36.62000000,36.62000000,2022-06-20 02:26:59.999
2022-06-20 02:27:00,36.61900000,36.61900000,36.61800000,36.61800000,2022-06-20 02:27:59.999
2022-06-20 02:28:00,36.57000000,36.70100000,36.57000000,36.59300000,2022-06-20 02:28:59.999
2022-06-20 02:29:00,36.55200000,36.55200000,36.40000000,36.40000000,2022-06-20 02:29:59.999
2022-06-20 02:30:00,36.38100000,36.57700000,36.38100000,36.57700000,2022-06-20 02:30:59.999
2022-06-20 02:31:00,36.62100000,36.65000000,36.39400000,36.39400000,2022-06-20 02:31:59.999
2022-06-20 02:32:00,36.55500000,36.55500000,36.55500000,36.55500000,2022-06-20 02:32:59.999
2022-06-20 02:33:00,36.50000000,36.62200000,36.50000000,36.62200000,2022-06-20 02:33:59.999
2022-06-20 02:34:00,36.60300000,36.60300000,36.60200000,36.60200000,2022-06-20 02:34:59.999
2022-06-20 02:35:00,36.60200000,36.60200000,36.60200000,36.60200000,2022-06-20 02:35:59.999
2022-06-20 02:36:00,36.58500000,36.58600000,36.53900000,36.53900000,2022-06-20 02:36:59.999
2022-06-20 02:37:00,36.49600000,36.49600000,36.49600000,36.49600000,2022-06-20 02:37:59.999
2022-06-20 02:38:00,36.59400000,36.59400000,36.50900000,36.50900000,2022-06-20 02:38:59.999
2022-06-20 02:39:00,36.49200000,36.55400000,36.49100000,36.55400000,2022-06-20 02:39:59.999
2022-06-20 02:40:00,36.54400000,36.54900000,36.54400000,36.54900000,2022-06-20 02:40:59.999
2022-06-20 02:41:00,36.54900000,36.54900000,36.54900000,36.54900000,2022-06-20 02:41:59.999
2022-06-20 02:42:00,36.56900000,36.57100000,36.56900000,36.57100000,2022-06-20 02:42:59.999
2022-06-20 02:43:00,36.57100000,36.57100000,36.57100000,36.57100000,2022-06-20 02:43:59.999
2022-06-20 02:44:00,36.57100000,36.57100000,36.57100000,36.57100000,2022-06-20 02:44:59.999
2022-06-20 02:45:00,36.57100000,36.57100000,36.57100000,36.57100000,2022-06-20 02:45:59.999
2022-06-20 02:46:00,36.57100000,36.57100000,36.57100000,36.57100000,2022-06-20 02:46:59.999
2022-06-20 02:47:00,36.57100000,36.57100000,36.57100000,36.57100000,2022-06-20 02:47:59.999
2022-06-20 02:48:00,36.62100000,36.62200000,36.62100000,36.62200000,2022-06-20 02:48:59.999
2022-06-20 02:49:00,36.62200000,36.62200000,36.62200000,36.62200000,2022-06-20 02:49:59.999
2022-06-20 02:50:00,36.54800000,36.54800000,36.45600000,36.45600000,2022-06-20 02:50:59.999
2022-06-20 02:51:00,36.42600000,36.42800000,36.42600000,36.42800000,2022-06-20 02:51:59.999
2022-06-20 02:52:00,36.42800000,36.42800000,36.42800000,36.42800000,2022-06-20 02:52:59.999
2022-06-20 02:53:00,36.44800000,36.44800000,36.44800000,36.44800000,2022-06-20 02:53:59.999
2022-06-20 02:54:00,36.44800000,36.44800000,36.44600000,36.44600000,2022-06-20 02:54:59.999
2022-06-20 02:55:00,36.44600000,36.44600000,36.44600000,36.44600000,2022-06-20 02:55:59.999
2022-06-20 02:56:00,36.44600000,36.44600000,36.44600000,36.44600000,2022-06-20 02:56:59.999
2022-06-20 02:57:00,36.44600000,36.44600000,36.44600000,36.44600000,2022-06-20 02:57:59.999
2022-06-20 02:58:00,36.44600000,36.44600000,36.44600000,36.44600000,2022-06-20 02:58:59.999
2022-06-20 02:59:00,36.44600000,36.44600000,36.44600000,36.44600000,2022-06-20 02:59:59.999
2022-06-20 03:00:00,36.44600000,36.44600000,36.44600000,36.44600000,2022-06-20 03:00:59.999
2022-06-20 03:01:00,36.44600000,36.44600000,36.37500000,36.37600000,2022-06-20 03:01:59.999
2022-06-20 03:02:00,36.37600000,36.37600000,36.37600000,36.37600000,2022-06-20 03:02:59.999
2022-06-20 03:03:00,36.37600000,36.37600000,36.37600000,36.37600000,2022-06-20 03:03:59.999
2022-06-20 03:04:00,36.33600000,36.35500000,36.33600000,36.35500000,2022-06-20 03:04:59.999
2022-06-20 03:05:00,36.33600000,36.33600000,36.33600000,36.33600000,2022-06-20 03:05:59.999
2022-06-20 03:06:00,36.34600000,36.36500000,36.34600000,36.36500000,2022-06-20 03:06:59.999
2022-06-20 03:07:00,36.48000000,36.53100000,36.48000000,36.53100000,2022-06-20 03:07:59.999
2022-06-20 03:08:00,36.43900000,36.43900000,36.30000000,36.30000000,2022-06-20 03:08:59.999
2022-06-20 03:09:00,36.20300000,36.20300000,36.14500000,36.14500000,2022-06-20 03:09:59.999
2022-06-20 03:10:00,36.17600000,36.23400000,36.14500000,36.19200000,2022-06-20 03:10:59.999
2022-06-20 03:11:00,36.19200000,36.19300000,36.19200000,36.19300000,2022-06-20 03:11:59.999
2022-06-20 03:12:00,36.19300000,36.19300000,36.19300000,36.19300000,2022-06-20 03:12:59.999
2022-06-20 03:13:00,36.19300000,36.19300000,36.19300000,36.19300000,2022-06-20 03:13:59.999
2022-06-20 03:14:00,36.19300000,36.19300000,36.19300000,36.19300000,2022-06-20 03:14:59.999
2022-06-20 03:15:00,36.19300000,36.19300000,36.19300000,36.19300000,2022-06-20 03:15:59.999
2022-06-20 03:16:00,36.19300000,36.19300000,36.19300000,36.19300000,2022-06-20 03:16:59.999
2022-06-20 03:17:00,36.17700000,36.17900000,36.10000000,36.10000000,2022-06-20 03:17:59.999
2022-06-20 03:18:00,36.10000000,36.10000000,36.10000000,36.10000000,2022-06-20 03:18:59.999
2022-06-20 03:19:00,36.11300000,36.11300000,36.11300000,36.11300000,2022-06-20 03:19:59.999
2022-06-20 03:20:00,36.12100000,36.12100000,36.12100000,36.12100000,2022-06-20 03:20:59.999
2022-06-20 03:21:00,36.21900000,36.25700000,36.21900000,36.25700000,2022-06-20 03:21:59.999
2022-06-20 03:22:00,36.28000000,36.28000000,36.28000000,36.28000000,2022-06-20 03:22:59.999
2022-06-20 03:23:00,36.23600000,36.28000000,36.23600000,36.28000000,2022-06-20 03:23:59.999
2022-06-20 03:24:00,36.20000000,36.20100000,36.05400000,36.05400000,2022-06-20 03:24:59.999
2022-06-20 03:25:00,36.05400000,36.05400000,36.05400000,36.05400000,2022-06-20 03:25:59.999
2022-06-20 03:26:00,36.05400000,36.05400000,36.05400000,36.05400000,2022-06-20 03:26:59.999
2022-06-20 03:27:00,36.08000000,36.08000000,35.82700000,35.97600000,2022-06-20 03:27:59.999
2022-06-20 03:28:00,35.94900000,36.00000000,35.94900000,36.00000000,2022-06-20 03:28:59.999
2022-06-20 03:29:00,35.89400000,35.93000000,35.89400000,35.93000000,2022-06-20 03:29:59.999
2022-06-20 03:30:00,35.93000000,35.93000000,35.93000000,35.93000000,2022-06-20 03:30:59.999
2022-06-20 03:31:00,35.93000000,35.93000000,35.93000000,35.93000000,2022-06-20 03:31:59.999
2022-06-20 03:32:00,35.93100000,36.04800000,35.84200000,35.95400000,2022-06-20 03:32:59.999
2022-06-20 03:33:00,36.04500000,36.55500000,36.04500000,36.55500000,2022-06-20 03:33:59.999
2022-06-20 03:34:00,36.06600000,36.06600000,36.06600000,36.06600000,2022-06-20 03:34:59.999
2022-06-20 03:35:00,36.06600000,36.06600000,36.06600000,36.06600000,2022-06-20 03:35:59.999
2022-06-20 03:36:00,36.06600000,36.06600000,36.06600000,36.06600000,2022-06-20 03:36:59.999
2022-06-20 03:37:00,36.06600000,36.06600000,36.06600000,36.06600000,2022-06-20 03:37:59.999
2022-06-20 03:38:00,36.06600000,36.06600000,36.06600000,36.06600000,2022-06-20 03:38:59.999
2022-06-20 03:39:00,36.06600000,36.06600000,36.06600000,36.06600000,2022-06-20 03:39:59.999
2022-06-20 03:40:00,36.06600000,36.06600000,36.06600000,36.06600000,2022-06-20 03:40:59.999
2022-06-20 03:41:00,36.06600000,36.06600000,36.06600000,36.06600000,2022-06-20 03:41:59.999
2022-06-20 03:42:00,36.06600000,36.06600000,36.06600000,36.06600000,2022-06-20 03:42:59.999
2022-06-20 03:43:00,36.16400000,36.98000000,36.16400000,36.19600000,2022-06-20 03:43:59.999
2022-06-20 03:44:00,36.19600000,36.19600000,36.19600000,36.19600000,2022-06-20 03:44:59.999
2022-06-20 03:45:00,36.23800000,36.23800000,36.23800000,36.23800000,2022-06-20 03:45:59.999
2022-06-20 03:46:00,36.23800000,36.23800000,36.21200000,36.21200000,2022-06-20 03:46:59.999
2022-06-20 03:47:00,36.20600000,36.20600000,36.20600000,36.20600000,2022-06-20 03:47:59.999
2022-06-20 03:48:00,36.09800000,36.10400000,36.09700000,36.09700000,2022-06-20 03:48:59.999
2022-06-20 03:49:00,36.09700000,36.09700000,36.09700000,36.09700000,2022-06-20 03:49:59.999
2022-06-20 03:50:00,36.18700000,36.19000000,36.18600000,36.18600000,2022-06-20 03:50:59.999
2022-06-20 03:51:00,36.11600000,36.18000000,36.11600000,36.17200000,2022-06-20 03:51:59.999
2022-06-20 03:52:00,36.17200000,36.17200000,36.17200000,36.17200000,2022-06-20 03:52:59.999
2022-06-20 03:53:00,36.17200000,36.17200000,36.17200000,36.17200000,2022-06-20 03:53:59.999
2022-06-20 03:54:00,36.17200000,36.17200000,36.17200000,36.17200000,2022-06-20 03:54:59.999
2022-06-20 03:55:00,36.22100000,36.22200000,36.22100000,36.22200000,2022-06-20 03:55:59.999
2022-06-20 03:56:00,36.22200000,36.22200000,36.22200000,36.22200000,2022-06-20 03:56:59.999
2022-06-20 03:57:00,36.22200000,36.22200000,36.22200000,36.22200000,2022-06-20 03:57:59.999
2022-06-20 03:58:00,36.22200000,36.22200000,36.22200000,36.22200000,2022-06-20 03:58:59.999
2022-06-20 03:59:00,36.22200000,36.22200000,36.22200000,36.22200000,2022-06-20 03:59:59.999
2022-06-20 04:00:00,36.19200000,36.19500000,36.16400000,36.16400000,2022-06-20 04:00:59.999
2022-06-20 04:01:00,36.16400000,36.16400000,36.16400000,36.16400000,2022-06-20 04:01:59.999
2022-06-20 04:02:00,36.16400000,36.16400000,36.16400000,36.16400000,2022-06-20 04:02:59.999
2022-06-20 04:03:00,36.16400000,36.16400000,36.09800000,36.09800000,2022-06-20 04:03:59.999
2022-06-20 04:04:00,36.15700000,36.15700000,36.15700000,36.15700000,2022-06-20 04:04:59.999
2022-06-20 04:05:00,36.15700000,36.15700000,36.15700000,36.15700000,2022-06-20 04:05:59.999
2022-06-20 04:06:00,36.15900000,36.15900000,36.15900000,36.15900000,2022-06-20 04:06:59.999
2022-06-20 04:07:00,36.15900000,36.15900000,36.15900000,36.15900000,2022-06-20 04:07:59.999
2022-06-20 04:08:00,36.16100000,36.16100000,36.15900000,36.15900000,2022-06-20 04:08:59.999
2022-06-20 04:09:00,36.21300000,36.21300000,36.21300000,36.21300000,2022-06-20 04:09:59.999
2022-06-20 04:10:00,36.25700000,36.25800000,36.25700000,36.25800000,2022-06-20 04:10:59.999
2022-06-20 04:11:00,36.25800000,36.25800000,36.25800000,36.25800000,2022-06-20 04:11:59.999
2022-06-20 04:12:00,36.25800000,36.25800000,36.25800000,36.25800000,2022-06-20 04:12:59.999
2022-06-20 04:13:00,36.25800000,36.26700000,36.20700000,36.26700000,2022-06-20 04:13:59.999
2022-06-20 04:14:00,36.26700000,36.26700000,36.26700000,36.26700000,2022-06-20 04:14:59.999
2022-06-20 04:15:00,36.26100000,36.26700000,36.16400000,36.16400000,2022-06-20 04:15:59.999
2022-06-20 04:16:00,36.16400000,36.16400000,36.16400000,36.16400000,2022-06-20 04:16:59.999
2022-06-20 04:17:00,36.16400000,36.16400000,36.16400000,36.16400000,2022-06-20 04:17:59.999
2022-06-20 04:18:00,36.16400000,36.16400000,36.16400000,36.16400000,2022-06-20 04:18:59.999
2022-06-20 04:19:00,36.16400000,36.16400000,36.16400000,36.16400000,2022-06-20 04:19:59.999
2022-06-20 04:20:00,36.16400000,36.16400000,36.16400000,36.16400000,2022-06-20 04:20:59.999
2022-06-20 04:21:00,36.16400000,36.16400000,36.16400000,36.16400000,2022-06-20 04:21:59.999
2022-06-20 04:22:00,36.16400000,36.16400000,36.16400000,36.16400000,2022-06-20 04:22:59.999
2022-06-20 04:23:00,36.21200000,36.21200000,36.21200000,36.21200000,2022-06-20 04:23:59.999
2022-06-20 04:24:00,36.21200000,36.21200000,36.21200000,36.21200000,2022-06-20 04:24:59.999
2022-06-20 04:25:00,36.31800000,36.97900000,36.31800000,36.62900000,2022-06-20 04:25:59.999
2022-06-20 04:26:00,36.35100000,36.35100000,36.16400000,36.16400000,2022-06-20 04:26:59.999
2022-06-20 04:27:00,36.16400000,36.16400000,36.16400000,36.16400000,2022-06-20 04:27:59.999
2022-06-20 04:28:00,36.22200000,36.22200000,36.22200000,36.22200000,2022-06-20 04:28:59.999
2022-06-20 04:29:00,36.22200000,36.22200000,36.22200000,36.22200000,2022-06-20 04:29:59.999
2022-06-20 04:30:00,36.22200000,36.22200000,36.22200000,36.22200000,2022-06-20 04:30:59.999
2022-06-20 04:31:00,36.22200000,36.22200000,36.22200000,36.22200000,2022-06-20 04:31:59.999
2022-06-20 04:32:00,36.22200000,36.22200000,36.22200000,36.22200000,2022-06-20 04:32:59.999
2022-06-20 04:33:00,36.24500000,36.28600000,36.24300000,36.28600000,2022-06-20 04:33:59.999
2022-06-20 04:34:00,36.28600000,36.28600000,36.28600000,36.28600000,2022-06-20 04:34:59.999
2022-06-20 04:35:00,36.26800000,36.26800000,36.26800000,36.26800000,2022-06-20 04:35:59.999
2022-06-20 04:36:00,36.23500000,36.23500000,36.23500000,36.23500000,2022-06-20 04:36:59.999
2022-06-20 04:37:00,36.23500000,36.23500000,36.22600000,36.23500000,2022-06-20 04:37:59.999
2022-06-20 04:38:00,36.23500000,36.23500000,36.16500000,36.16500000,2022-06-20 04:38:59.999
2022-06-20 04:39:00,36.29300000,36.29300000,36.29300000,36.29300000,2022-06-20 04:39:59.999
2022-06-20 04:40:00,36.29300000,36.29300000,36.29300000,36.29300000,2022-06-20 04:40:59.999
2022-06-20 04:41:00,36.29300000,36.29300000,36.29300000,36.29300000,2022-06-20 04:41:59.999
2022-06-20 04:42:00,36.25000000,36.29300000,36.25000000,36.29300000,2022-06-20 04:42:59.999
2022-06-20 04:43:00,36.29300000,36.29300000,36.29300000,36.29300000,2022-06-20 04:43:59.999
2022-06-20 04:44:00,36.18600000,36.18600000,36.16400000,36.16400000,2022-06-20 04:44:59.999
2022-06-20 04:45:00,36.16400000,36.16400000,36.16400000,36.16400000,2022-06-20 04:45:59.999
2022-06-20 04:46:00,36.16400000,36.16400000,36.16400000,36.16400000,2022-06-20 04:46:59.999
2022-06-20 04:47:00,36.16400000,36.16400000,36.16400000,36.16400000,2022-06-20 04:47:59.999
2022-06-20 04:48:00,36.02300000,36.02300000,36.02300000,36.02300000,2022-06-20 04:48:59.999
2022-06-20 04:49:00,36.02300000,36.03300000,36.02300000,36.03000000,2022-06-20 04:49:59.999
2022-06-20 04:50:00,36.02500000,36.02500000,36.02500000,36.02500000,2022-06-20 04:50:59.999
2022-06-20 04:51:00,36.02500000,36.02500000,36.02500000,36.02500000,2022-06-20 04:51:59.999
2022-06-20 04:52:00,36.03200000,36.03200000,36.03200000,36.03200000,2022-06-20 04:52:59.999
2022-06-20 04:53:00,36.04000000,36.04000000,35.82100000,35.82100000,2022-06-20 04:53:59.999
2022-06-20 04:54:00,36.00000000,36.00000000,36.00000000,36.00000000,2022-06-20 04:54:59.999
2022-06-20 04:55:00,35.82100000,35.82100000,35.74500000,35.78300000,2022-06-20 04:55:59.999
2022-06-20 04:56:00,35.70000000,35.74400000,35.66700000,35.74400000,2022-06-20 04:56:59.999
2022-06-20 04:57:00,35.65700000,35.91500000,35.65600000,35.81000000,2022-06-20 04:57:59.999
2022-06-20 04:58:00,35.86300000,35.86300000,35.79800000,35.79800000,2022-06-20 04:58:59.999
2022-06-20 04:59:00,35.75500000,35.79800000,35.75500000,35.79800000,2022-06-20 04:59:59.999
2022-06-20 05:00:00,35.82200000,35.82200000,35.82200000,35.82200000,2022-06-20 05:00:59.999
2022-06-20 05:01:00,35.82100000,35.82100000,35.82100000,35.82100000,2022-06-20 05:01:59.999
2022-06-20 05:02:00,35.77400000,35.77600000,35.77400000,35.77600000,2022-06-20 05:02:59.999
2022-06-20 05:03:00,35.77600000,35.77600000,35.77600000,35.77600000,2022-06-20 05:03:59.999
2022-06-20 05:04:00,35.85300000,35.85300000,35.84000000,35.84000000,2022-06-20 05:04:59.999
2022-06-20 05:05:00,35.84000000,35.84000000,35.84000000,35.84000000,2022-06-20 05:05:59.999
2022-06-20 05:06:00,35.84000000,35.84000000,35.84000000,35.84000000,2022-06-20 05:06:59.999
2022-06-20 05:07:00,35.91500000,35.95300000,35.85800000,35.95300000,2022-06-20 05:07:59.999
2022-06-20 05:08:00,35.95300000,35.95300000,35.95300000,35.95300000,2022-06-20 05:08:59.999
2022-06-20 05:09:00,35.96600000,36.06800000,35.96600000,36.06800000,2022-06-20 05:09:59.999
2022-06-20 05:10:00,36.06800000,36.06800000,36.06800000,36.06800000,2022-06-20 05:10:59.999
2022-06-20 05:11:00,35.99300000,35.99300000,35.96100000,35.96100000,2022-06-20 05:11:59.999
2022-06-20 05:12:00,35.97000000,36.01600000,35.97000000,36.01600000,2022-06-20 05:12:59.999
2022-06-20 05:13:00,36.01800000,36.01800000,36.00200000,36.00200000,2022-06-20 05:13:59.999
2022-06-20 05:14:00,35.99400000,35.99400000,35.99100000,35.99100000,2022-06-20 05:14:59.999
2022-06-20 05:15:00,35.99100000,35.99100000,35.99100000,35.99100000,2022-06-20 05:15:59.999
2022-06-20 05:16:00,35.99100000,35.99100000,35.89700000,35.89700000,2022-06-20 05:16:59.999
2022-06-20 05:17:00,35.86900000,35.86900000,35.84000000,35.85700000,2022-06-20 05:17:59.999
2022-06-20 05:18:00,35.87500000,35.87500000,35.81500000,35.86000000,2022-06-20 05:18:59.999
2022-06-20 05:19:00,35.85900000,35.85900000,35.85900000,35.85900000,2022-06-20 05:19:59.999
