Open Time,Open,High,Low,Close,Close Time
2022-12-03 13:00:00,29.50000000,29.50000000,29.50000000,29.50000000,2022-12-03 13:00:59.999
2022-12-03 13:01:00,29.50000000,29.50000000,29.50000000,29.50000000,2022-12-03 13:01:59.999
2022-12-03 13:02:00,29.50000000,29.50000000,29.50000000,29.50000000,2022-12-03 13:02:59.999
2022-12-03 13:03:00,29.50000000,29.50000000,29.50000000,29.50000000,2022-12-03 13:03:59.999
2022-12-03 13:04:00,29.50000000,29.50000000,29.50000000,29.50000000,2022-12-03 13:04:59.999
2022-12-03 13:05:00,29.50000000,29.50000000,29.50000000,29.50000000,2022-12-03 13:05:59.999
2022-12-03 13:06:00,29.50000000,29.50000000,29.50000000,29.50000000,2022-12-03 13:06:59.999
2022-12-03 13:07:00,29.50000000,29.50000000,29.50000000,29.50000000,2022-12-03 13:07:59.999
2022-12-03 13:08:00,29.50000000,29.50000000,29.50000000,29.50000000,2022-12-03 13:08:59.999
2022-12-03 13:09:00,29.50000000,29.50000000,29.50000000,29.50000000,2022-12-03 13:09:59.999
2022-12-03 13:10:00,29.50000000,29.50000000,29.50000000,29.50000000,2022-12-03 13:10:59.999
2022-12-03 13:11:00,29.50000000,29.50000000,29.50000000,29.50000000,2022-12-03 13:11:59.999
2022-12-03 13:12:00,29.40000000,29.40000000,29.40000000,29.40000000,2022-12-03 13:12:59.999
2022-12-03 13:13:00,29.40000000,29.40000000,29.40000000,29.40000000,2022-12-03 13:13:59.999
2022-12-03 13:14:00,29.40000000,29.40000000,29.40000000,29.40000000,2022-12-03 13:14:59.999
2022-12-03 13:15:00,29.40000000,29.40000000,29.40000000,29.40000000,2022-12-03 13:15:59.999
2022-12-03 13:16:00,29.40000000,29.40000000,29.40000000,29.40000000,2022-12-03 13:16:59.999
2022-12-03 13:17:00,29.40000000,29.40000000,29.40000000,29.40000000,2022-12-03 13:17:59.999
2022-12-03 13:18:00,29.40000000,29.40000000,29.40000000,29.40000000,2022-12-03 13:18:59.999
2022-12-03 13:19:00,29.40000000,29.40000000,29.40000000,29.40000000,2022-12-03 13:19:59.999
2022-12-03 13:20:00,29.40000000,29.40000000,29.40000000,29.40000000,2022-12-03 13:20:59.999
2022-12-03 13:21:00,29.40000000,29.40000000,29.40000000,29.40000000,2022-12-03 13:21:59.999
2022-12-03 13:22:00,29.40000000,29.40000000,29.40000000,29.40000000,2022-12-03 13:22:59.999
2022-12-03 13:23:00,29.40000000,29.40000000,29.40000000,29.40000000,2022-12-03 13:23:59.999
2022-12-03 13:24:00,29.40000000,29.40000000,29.40000000,29.40000000,2022-12-03 13:24:59.999
2022-12-03 13:25:00,29.40000000,29.40000000,29.40000000,29.40000000,2022-12-03 13:25:59.999
2022-12-03 13:26:00,29.40000000,29.40000000,29.40000000,29.40000000,2022-12-03 13:26:59.999
2022-12-03 13:27:00,29.40000000,29.40000000,29.40000000,29.40000000,2022-12-03 13:27:59.999
2022-12-03 13:28:00,29.40000000,29.40000000,29.40000000,29.40000000,2022-12-03 13:28:59.999
2022-12-03 13:29:00,29.40000000,29.40000000,29.40000000,29.40000000,2022-12-03 13:29:59.999
2022-12-03 13:30:00,29.40000000,29.40000000,29.40000000,29.40000000,2022-12-03 13:30:59.999
2022-12-03 13:31:00,29.40000000,29.40000000,29.40000000,29.40000000,2022-12-03 13:31:59.999
2022-12-03 13:32:00,29.50000000,29.50000000,29.50000000,29.50000000,2022-12-03 13:32:59.999
2022-12-03 13:33:00,29.50000000,29.50000000,29.50000000,29.50000000,2022-12-03 13:33:59.999
2022-12-03 13:34:00,29.50000000,29.50000000,29.50000000,29.50000000,2022-12-03 13:34:59.999
2022-12-03 13:35:00,29.50000000,29.50000000,29.50000000,29.50000000,2022-12-03 13:35:59.999
2022-12-03 13:36:00,29.50000000,29.50000000,29.50000000,29.50000000,2022-12-03 13:36:59.999
2022-12-03 13:37:00,29.50000000,29.50000000,29.50000000,29.50000000,2022-12-03 13:37:59.999
2022-12-03 13:38:00,29.50000000,29.50000000,29.50000000,29.50000000,2022-12-03 13:38:59.999
2022-12-03 13:39:00,29.50000000,29.50000000,29.50000000,29.50000000,2022-12-03 13:39:59.999
2022-12-03 13:40:00,29.50000000,29.50000000,29.50000000,29.50000000,2022-12-03 13:40:59.999
2022-12-03 13:41:00,29.60000000,29.60000000,29.60000000,29.60000000,2022-12-03 13:41:59.999
2022-12-03 13:42:00,29.60000000,29.60000000,29.60000000,29.60000000,2022-12-03 13:42:59.999
2022-12-03 13:43:00,29.60000000,29.60000000,29.60000000,29.60000000,2022-12-03 13:43:59.999
2022-12-03 13:44:00,29.60000000,29.60000000,29.60000000,29.60000000,2022-12-03 13:44:59.999
2022-12-03 13:45:00,29.60000000,29.60000000,29.60000000,29.60000000,2022-12-03 13:45:59.999
2022-12-03 13:46:00,29.50000000,29.50000000,29.50000000,29.50000000,2022-12-03 13:46:59.999
2022-12-03 13:47:00,29.50000000,29.50000000,29.50000000,29.50000000,2022-12-03 13:47:59.999
2022-12-03 13:48:00,29.50000000,29.50000000,29.50000000,29.50000000,2022-12-03 13:48:59.999
2022-12-03 13:49:00,29.50000000,29.50000000,29.50000000,29.50000000,2022-12-03 13:49:59.999
2022-12-03 13:50:00,29.50000000,29.50000000,29.50000000,29.50000000,2022-12-03 13:50:59.999
2022-12-03 13:51:00,29.50000000,29.50000000,29.50000000,29.50000000,2022-12-03 13:51:59.999
2022-12-03 13:52:00,29.50000000,29.50000000,29.50000000,29.50000000,2022-12-03 13:52:59.999
2022-12-03 13:53:00,29.50000000,29.50000000,29.50000000,29.50000000,2022-12-03 13:53:59.999
2022-12-03 13:54:00,29.50000000,29.50000000,29.50000000,29.50000000,2022-12-03 13:54:59.999
2022-12-03 13:55:00,29.40000000,29.40000000,29.40000000,29.40000000,2022-12-03 13:55:59.999
2022-12-03 13:56:00,29.40000000,29.40000000,29.40000000,29.40000000,2022-12-03 13:56:59.999
2022-12-03 13:57:00,29.40000000,29.40000000,29.40000000,29.40000000,2022-12-03 13:57:59.999
2022-12-03 13:58:00,29.40000000,29.40000000,29.40000000,29.40000000,2022-12-03 13:58:59.999
2022-12-03 13:59:00,29.40000000,29.40000000,29.40000000,29.40000000,2022-12-03 13:59:59.999
2022-12-03 14:00:00,29.40000000,29.40000000,29.40000000,29.40000000,2022-12-03 14:00:59.999
2022-12-03 14:01:00,29.40000000,29.40000000,29.40000000,29.40000000,2022-12-03 14:01:59.999
2022-12-03 14:02:00,29.40000000,29.40000000,29.40000000,29.40000000,2022-12-03 14:02:59.999
2022-12-03 14:03:00,29.50000000,29.50000000,29.40000000,29.40000000,2022-12-03 14:03:59.999
2022-12-03 14:04:00,29.40000000,29.40000000,29.40000000,29.40000000,2022-12-03 14:04:59.999
2022-12-03 14:05:00,29.40000000,29.40000000,29.40000000,29.40000000,2022-12-03 14:05:59.999
2022-12-03 14:06:00,29.40000000,29.40000000,29.40000000,29.40000000,2022-12-03 14:06:59.999
2022-12-03 14:07:00,29.40000000,29.40000000,29.40000000,29.40000000,2022-12-03 14:07:59.999
2022-12-03 14:08:00,29.40000000,29.40000000,29.40000000,29.40000000,2022-12-03 14:08:59.999
2022-12-03 14:09:00,29.40000000,29.40000000,29.40000000,29.40000000,2022-12-03 14:09:59.999
2022-12-03 14:10:00,29.40000000,29.40000000,29.40000000,29.40000000,2022-12-03 14:10:59.999
2022-12-03 14:11:00,29.40000000,29.40000000,29.40000000,29.40000000,2022-12-03 14:11:59.999
2022-12-03 14:12:00,29.40000000,29.40000000,29.40000000,29.40000000,2022-12-03 14:12:59.999
2022-12-03 14:13:00,29.40000000,29.40000000,29.40000000,29.40000000,2022-12-03 14:13:59.999
2022-12-03 14:14:00,29.40000000,29.40000000,29.40000000,29.40000000,2022-12-03 14:14:59.999
2022-12-03 14:15:00,29.40000000,29.40000000,29.40000000,29.40000000,2022-12-03 14:15:59.999
2022-12-03 14:16:00,29.40000000,29.40000000,29.40000000,29.40000000,2022-12-03 14:16:59.999
2022-12-03 14:17:00,29.40000000,29.40000000,29.40000000,29.40000000,2022-12-03 14:17:59.999
2022-12-03 14:18:00,29.40000000,29.40000000,29.40000000,29.40000000,2022-12-03 14:18:59.999
2022-12-03 14:19:00,29.40000000,29.40000000,29.40000000,29.40000000,2022-12-03 14:19:59.999
2022-12-03 14:20:00,29.40000000,29.40000000,29.40000000,29.40000000,2022-12-03 14:20:59.999
2022-12-03 14:21:00,29.50000000,29.50000000,29.50000000,29.50000000,2022-12-03 14:21:59.999
2022-12-03 14:22:00,29.50000000,29.50000000,29.50000000,29.50000000,2022-12-03 14:22:59.999
2022-12-03 14:23:00,29.50000000,29.50000000,29.50000000,29.50000000,2022-12-03 14:23:59.999
2022-12-03 14:24:00,29.50000000,29.50000000,29.30000000,29.50000000,2022-12-03 14:24:59.999
2022-12-03 14:25:00,29.40000000,29.40000000,29.40000000,29.40000000,2022-12-03 14:25:59.999
2022-12-03 14:26:00,29.40000000,29.40000000,29.40000000,29.40000000,2022-12-03 14:26:59.999
2022-12-03 14:27:00,29.40000000,29.40000000,29.40000000,29.40000000,2022-12-03 14:27:59.999
2022-12-03 14:28:00,29.40000000,29.40000000,29.40000000,29.40000000,2022-12-03 14:28:59.999
2022-12-03 14:29:00,29.40000000,29.40000000,29.40000000,29.40000000,2022-12-03 14:29:59.999
2022-12-03 14:30:00,29.40000000,29.40000000,29.40000000,29.40000000,2022-12-03 14:30:59.999
2022-12-03 14:31:00,29.40000000,29.40000000,29.40000000,29.40000000,2022-12-03 14:31:59.999
2022-12-03 14:32:00,29.40000000,29.40000000,29.40000000,29.40000000,2022-12-03 14:32:59.999
2022-12-03 14:33:00,29.40000000,29.40000000,29.40000000,29.40000000,2022-12-03 14:33:59.999
2022-12-03 14:34:00,29.40000000,29.40000000,29.40000000,29.40000000,2022-12-03 14:34:59.999
2022-12-03 14:35:00,29.40000000,29.40000000,29.40000000,29.40000000,2022-12-03 14:35:59.999
2022-12-03 14:36:00,29.40000000,29.40000000,29.40000000,29.40000000,2022-12-03 14:36:59.999
2022-12-03 14:37:00,29.40000000,29.40000000,29.40000000,29.40000000,2022-12-03 14:37:59.999
2022-12-03 14:38:00,29.40000000,29.40000000,29.40000000,29.40000000,2022-12-03 14:38:59.999
2022-12-03 14:39:00,29.40000000,29.40000000,29.40000000,29.40000000,2022-12-03 14:39:59.999
2022-12-03 14:40:00,29.40000000,29.40000000,29.40000000,29.40000000,2022-12-03 14:40:59.999
2022-12-03 14:41:00,29.40000000,29.40000000,29.40000000,29.40000000,2022-12-03 14:41:59.999
2022-12-03 14:42:00,29.40000000,29.40000000,29.40000000,29.40000000,2022-12-03 14:42:59.999
2022-12-03 14:43:00,29.40000000,29.40000000,29.40000000,29.40000000,2022-12-03 14:43:59.999
2022-12-03 14:44:00,29.40000000,29.40000000,29.40000000,29.40000000,2022-12-03 14:44:59.999
2022-12-03 14:45:00,29.40000000,29.40000000,29.40000000,29.40000000,2022-12-03 14:45:59.999
2022-12-03 14:46:00,29.40000000,29.40000000,29.40000000,29.40000000,2022-12-03 14:46:59.999
2022-12-03 14:47:00,29.40000000,29.40000000,29.40000000,29.40000000,2022-12-03 14:47:59.999
2022-12-03 14:48:00,29.40000000,29.40000000,29.40000000,29.40000000,2022-12-03 14:48:59.999
2022-12-03 14:49:00,29.40000000,29.40000000,29.40000000,29.40000000,2022-12-03 14:49:59.999
2022-12-03 14:50:00,29.40000000,29.40000000,29.40000000,29.40000000,2022-12-03 14:50:59.999
2022-12-03 14:51:00,29.40000000,29.40000000,29.40000000,29.40000000,2022-12-03 14:51:59.999
2022-12-03 14:52:00,29.40000000,29.40000000,29.40000000,29.40000000,2022-12-03 14:52:59.999
2022-12-03 14:53:00,29.40000000,29.40000000,29.40000000,29.40000000,2022-12-03 14:53:59.999
2022-12-03 14:54:00,29.40000000,29.40000000,29.40000000,29.40000000,2022-12-03 14:54:59.999
2022-12-03 14:55:00,29.40000000,29.40000000,29.40000000,29.40000000,2022-12-03 14:55:59.999
2022-12-03 14:56:00,29.40000000,29.40000000,29.40000000,29.40000000,2022-12-03 14:56:59.999
2022-12-03 14:57:00,29.40000000,29.40000000,29.40000000,29.40000000,2022-12-03 14:57:59.999
2022-12-03 14:58:00,29.40000000,29.40000000,29.40000000,29.40000000,2022-12-03 14:58:59.999
2022-12-03 14:59:00,29.40000000,29.40000000,29.40000000,29.40000000,2022-12-03 14:59:59.999
2022-12-03 15:00:00,29.40000000,29.40000000,29.40000000,29.40000000,2022-12-03 15:00:59.999
2022-12-03 15:01:00,29.40000000,29.40000000,29.40000000,29.40000000,2022-12-03 15:01:59.999
2022-12-03 15:02:00,29.40000000,29.40000000,29.40000000,29.40000000,2022-12-03 15:02:59.999
2022-12-03 15:03:00,29.40000000,29.40000000,29.40000000,29.40000000,2022-12-03 15:03:59.999
2022-12-03 15:04:00,29.40000000,29.40000000,29.40000000,29.40000000,2022-12-03 15:04:59.999
2022-12-03 15:05:00,29.40000000,29.40000000,29.40000000,29.40000000,2022-12-03 15:05:59.999
2022-12-03 15:06:00,29.40000000,29.40000000,29.40000000,29.40000000,2022-12-03 15:06:59.999
2022-12-03 15:07:00,29.40000000,29.40000000,29.40000000,29.40000000,2022-12-03 15:07:59.999
2022-12-03 15:08:00,29.40000000,29.40000000,29.40000000,29.40000000,2022-12-03 15:08:59.999
2022-12-03 15:09:00,29.40000000,29.40000000,29.40000000,29.40000000,2022-12-03 15:09:59.999
2022-12-03 15:10:00,29.40000000,29.40000000,29.40000000,29.40000000,2022-12-03 15:10:59.999
2022-12-03 15:11:00,29.40000000,29.40000000,29.40000000,29.40000000,2022-12-03 15:11:59.999
2022-12-03 15:12:00,29.40000000,29.40000000,29.40000000,29.40000000,2022-12-03 15:12:59.999
2022-12-03 15:13:00,29.40000000,29.40000000,29.40000000,29.40000000,2022-12-03 15:13:59.999
2022-12-03 15:14:00,29.40000000,29.40000000,29.40000000,29.40000000,2022-12-03 15:14:59.999
2022-12-03 15:15:00,29.40000000,29.40000000,29.40000000,29.40000000,2022-12-03 15:15:59.999
2022-12-03 15:16:00,29.40000000,29.40000000,29.40000000,29.40000000,2022-12-03 15:16:59.999
2022-12-03 15:17:00,29.40000000,29.40000000,29.40000000,29.40000000,2022-12-03 15:17:59.999
2022-12-03 15:18:00,29.40000000,29.40000000,29.40000000,29.40000000,2022-12-03 15:18:59.999
2022-12-03 15:19:00,29.40000000,29.40000000,29.40000000,29.40000000,2022-12-03 15:19:59.999
2022-12-03 15:20:00,29.50000000,29.50000000,29.50000000,29.50000000,2022-12-03 15:20:59.999
2022-12-03 15:21:00,29.50000000,29.50000000,29.50000000,29.50000000,2022-12-03 15:21:59.999
2022-12-03 15:22:00,29.50000000,29.50000000,29.50000000,29.50000000,2022-12-03 15:22:59.999
2022-12-03 15:23:00,29.50000000,29.50000000,29.50000000,29.50000000,2022-12-03 15:23:59.999
2022-12-03 15:24:00,29.50000000,29.50000000,29.50000000,29.50000000,2022-12-03 15:24:59.999
2022-12-03 15:25:00,29.50000000,29.50000000,29.50000000,29.50000000,2022-12-03 15:25:59.999
2022-12-03 15:26:00,29.50000000,29.50000000,29.50000000,29.50000000,2022-12-03 15:26:59.999
2022-12-03 15:27:00,29.40000000,29.40000000,29.40000000,29.40000000,2022-12-03 15:27:59.999
2022-12-03 15:28:00,29.40000000,29.40000000,29.40000000,29.40000000,2022-12-03 15:28:59.999
2022-12-03 15:29:00,29.40000000,29.40000000,29.40000000,29.40000000,2022-12-03 15:29:59.999
2022-12-03 15:30:00,29.40000000,29.40000000,29.40000000,29.40000000,2022-12-03 15:30:59.999
2022-12-03 15:31:00,29.50000000,29.50000000,29.50000000,29.50000000,2022-12-03 15:31:59.999
2022-12-03 15:32:00,29.50000000,29.50000000,29.50000000,29.50000000,2022-12-03 15:32:59.999
2022-12-03 15:33:00,29.30000000,29.30000000,29.30000000,29.30000000,2022-12-03 15:33:59.999
2022-12-03 15:34:00,29.30000000,29.30000000,29.30000000,29.30000000,2022-12-03 15:34:59.999
2022-12-03 15:35:00,29.30000000,29.30000000,29.30000000,29.30000000,2022-12-03 15:35:59.999
2022-12-03 15:36:00,29.30000000,29.30000000,29.30000000,29.30000000,2022-12-03 15:36:59.999
2022-12-03 15:37:00,29.30000000,29.30000000,29.30000000,29.30000000,2022-12-03 15:37:59.999
2022-12-03 15:38:00,29.30000000,29.30000000,29.30000000,29.30000000,2022-12-03 15:38:59.999
2022-12-03 15:39:00,29.30000000,29.30000000,29.30000000,29.30000000,2022-12-03 15:39:59.999
2022-12-03 15:40:00,29.30000000,29.30000000,29.30000000,29.30000000,2022-12-03 15:40:59.999
2022-12-03 15:41:00,29.30000000,29.30000000,29.30000000,29.30000000,2022-12-03 15:41:59.999
2022-12-03 15:42:00,29.30000000,29.30000000,29.30000000,29.30000000,2022-12-03 15:42:59.999
2022-12-03 15:43:00,29.30000000,29.30000000,29.30000000,29.30000000,2022-12-03 15:43:59.999
2022-12-03 15:44:00,29.30000000,29.30000000,29.30000000,29.30000000,2022-12-03 15:44:59.999
2022-12-03 15:45:00,29.30000000,29.30000000,29.30000000,29.30000000,2022-12-03 15:45:59.999
2022-12-03 15:46:00,29.30000000,29.30000000,29.30000000,29.30000000,2022-12-03 15:46:59.999
2022-12-03 15:47:00,29.30000000,29.30000000,29.30000000,29.30000000,2022-12-03 15:47:59.999
2022-12-03 15:48:00,29.30000000,29.30000000,29.30000000,29.30000000,2022-12-03 15:48:59.999
2022-12-03 15:49:00,29.30000000,29.30000000,29.30000000,29.30000000,2022-12-03 15:49:59.999
2022-12-03 15:50:00,29.30000000,29.30000000,29.30000000,29.30000000,2022-12-03 15:50:59.999
2022-12-03 15:51:00,29.30000000,29.30000000,29.30000000,29.30000000,2022-12-03 15:51:59.999
2022-12-03 15:52:00,29.30000000,29.30000000,29.30000000,29.30000000,2022-12-03 15:52:59.999
2022-12-03 15:53:00,29.30000000,29.30000000,29.30000000,29.30000000,2022-12-03 15:53:59.999
2022-12-03 15:54:00,29.30000000,29.30000000,29.30000000,29.30000000,2022-12-03 15:54:59.999
2022-12-03 15:55:00,29.30000000,29.30000000,29.30000000,29.30000000,2022-12-03 15:55:59.999
2022-12-03 15:56:00,29.30000000,29.30000000,29.30000000,29.30000000,2022-12-03 15:56:59.999
2022-12-03 15:57:00,29.30000000,29.30000000,29.30000000,29.30000000,2022-12-03 15:57:59.999
2022-12-03 15:58:00,29.30000000,29.30000000,29.30000000,29.30000000,2022-12-03 15:58:59.999
2022-12-03 15:59:00,29.30000000,29.30000000,29.30000000,29.30000000,2022-12-03 15:59:59.999
2022-12-03 16:00:00,29.30000000,29.30000000,29.30000000,29.30000000,2022-12-03 16:00:59.999
2022-12-03 16:01:00,29.30000000,29.30000000,29.30000000,29.30000000,2022-12-03 16:01:59.999
2022-12-03 16:02:00,29.30000000,29.30000000,29.30000000,29.30000000,2022-12-03 16:02:59.999
2022-12-03 16:03:00,29.30000000,29.30000000,29.30000000,29.30000000,2022-12-03 16:03:59.999
2022-12-03 16:04:00,29.30000000,29.30000000,29.30000000,29.30000000,2022-12-03 16:04:59.999
2022-12-03 16:05:00,29.30000000,29.30000000,29.30000000,29.30000000,2022-12-03 16:05:59.999
2022-12-03 16:06:00,29.30000000,29.30000000,29.30000000,29.30000000,2022-12-03 16:06:59.999
2022-12-03 16:07:00,29.30000000,29.30000000,29.30000000,29.30000000,2022-12-03 16:07:59.999
2022-12-03 16:08:00,29.30000000,29.30000000,29.30000000,29.30000000,2022-12-03 16:08:59.999
2022-12-03 16:09:00,29.30000000,29.30000000,29.30000000,29.30000000,2022-12-03 16:09:59.999
2022-12-03 16:10:00,29.30000000,29.30000000,29.30000000,29.30000000,2022-12-03 16:10:59.999
2022-12-03 16:11:00,29.30000000,29.30000000,29.30000000,29.30000000,2022-12-03 16:11:59.999
2022-12-03 16:12:00,29.30000000,29.30000000,29.30000000,29.30000000,2022-12-03 16:12:59.999
2022-12-03 16:13:00,29.30000000,29.30000000,29.30000000,29.30000000,2022-12-03 16:13:59.999
2022-12-03 16:14:00,29.30000000,29.30000000,29.30000000,29.30000000,2022-12-03 16:14:59.999
2022-12-03 16:15:00,29.30000000,29.30000000,29.30000000,29.30000000,2022-12-03 16:15:59.999
2022-12-03 16:16:00,29.30000000,29.30000000,29.30000000,29.30000000,2022-12-03 16:16:59.999
2022-12-03 16:17:00,29.30000000,29.30000000,29.30000000,29.30000000,2022-12-03 16:17:59.999
2022-12-03 16:18:00,29.30000000,29.30000000,29.30000000,29.30000000,2022-12-03 16:18:59.999
2022-12-03 16:19:00,29.30000000,29.30000000,29.30000000,29.30000000,2022-12-03 16:19:59.999
2022-12-03 16:20:00,29.30000000,29.30000000,29.30000000,29.30000000,2022-12-03 16:20:59.999
2022-12-03 16:21:00,29.30000000,29.30000000,29.30000000,29.30000000,2022-12-03 16:21:59.999
2022-12-03 16:22:00,29.30000000,29.30000000,29.30000000,29.30000000,2022-12-03 16:22:59.999
2022-12-03 16:23:00,29.30000000,29.30000000,29.30000000,29.30000000,2022-12-03 16:23:59.999
2022-12-03 16:24:00,29.30000000,29.30000000,29.30000000,29.30000000,2022-12-03 16:24:59.999
2022-12-03 16:25:00,29.30000000,29.30000000,29.30000000,29.30000000,2022-12-03 16:25:59.999
2022-12-03 16:26:00,29.30000000,29.30000000,29.30000000,29.30000000,2022-12-03 16:26:59.999
2022-12-03 16:27:00,29.30000000,29.30000000,29.30000000,29.30000000,2022-12-03 16:27:59.999
2022-12-03 16:28:00,29.30000000,29.30000000,29.30000000,29.30000000,2022-12-03 16:28:59.999
2022-12-03 16:29:00,29.30000000,29.30000000,29.30000000,29.30000000,2022-12-03 16:29:59.999
2022-12-03 16:30:00,29.30000000,29.30000000,29.30000000,29.30000000,2022-12-03 16:30:59.999
2022-12-03 16:31:00,29.30000000,29.30000000,29.30000000,29.30000000,2022-12-03 16:31:59.999
2022-12-03 16:32:00,29.30000000,29.30000000,29.30000000,29.30000000,2022-12-03 16:32:59.999
2022-12-03 16:33:00,29.30000000,29.30000000,29.30000000,29.30000000,2022-12-03 16:33:59.999
2022-12-03 16:34:00,29.30000000,29.30000000,29.30000000,29.30000000,2022-12-03 16:34:59.999
2022-12-03 16:35:00,29.30000000,29.30000000,29.30000000,29.30000000,2022-12-03 16:35:59.999
2022-12-03 16:36:00,29.30000000,29.30000000,29.30000000,29.30000000,2022-12-03 16:36:59.999
2022-12-03 16:37:00,29.30000000,29.30000000,29.30000000,29.30000000,2022-12-03 16:37:59.999
2022-12-03 16:38:00,29.30000000,29.30000000,29.30000000,29.30000000,2022-12-03 16:38:59.999
2022-12-03 16:39:00,29.30000000,29.30000000,29.30000000,29.30000000,2022-12-03 16:39:59.999
2022-12-03 16:40:00,29.30000000,29.30000000,29.30000000,29.30000000,2022-12-03 16:40:59.999
2022-12-03 16:41:00,29.30000000,29.30000000,29.30000000,29.30000000,2022-12-03 16:41:59.999
2022-12-03 16:42:00,29.30000000,29.30000000,29.30000000,29.30000000,2022-12-03 16:42:59.999
2022-12-03 16:43:00,29.30000000,29.30000000,29.30000000,29.30000000,2022-12-03 16:43:59.999
2022-12-03 16:44:00,29.30000000,29.30000000,29.30000000,29.30000000,2022-12-03 16:44:59.999
2022-12-03 16:45:00,29.30000000,29.30000000,29.30000000,29.30000000,2022-12-03 16:45:59.999
2022-12-03 16:46:00,29.30000000,29.30000000,29.30000000,29.30000000,2022-12-03 16:46:59.999
2022-12-03 16:47:00,29.30000000,29.30000000,29.30000000,29.30000000,2022-12-03 16:47:59.999
2022-12-03 16:48:00,29.30000000,29.30000000,29.30000000,29.30000000,2022-12-03 16:48:59.999
2022-12-03 16:49:00,29.30000000,29.30000000,29.30000000,29.30000000,2022-12-03 16:49:59.999
2022-12-03 16:50:00,29.30000000,29.30000000,29.30000000,29.30000000,2022-12-03 16:50:59.999
2022-12-03 16:51:00,29.30000000,29.30000000,29.30000000,29.30000000,2022-12-03 16:51:59.999
2022-12-03 16:52:00,29.30000000,29.30000000,29.30000000,29.30000000,2022-12-03 16:52:59.999
2022-12-03 16:53:00,29.30000000,29.30000000,29.30000000,29.30000000,2022-12-03 16:53:59.999
2022-12-03 16:54:00,29.30000000,29.30000000,29.30000000,29.30000000,2022-12-03 16:54:59.999
2022-12-03 16:55:00,29.20000000,29.20000000,29.20000000,29.20000000,2022-12-03 16:55:59.999
2022-12-03 16:56:00,29.20000000,29.20000000,29.20000000,29.20000000,2022-12-03 16:56:59.999
2022-12-03 16:57:00,29.20000000,29.20000000,29.20000000,29.20000000,2022-12-03 16:57:59.999
2022-12-03 16:58:00,29.20000000,29.20000000,29.20000000,29.20000000,2022-12-03 16:58:59.999
2022-12-03 16:59:00,29.20000000,29.20000000,29.20000000,29.20000000,2022-12-03 16:59:59.999
2022-12-03 17:00:00,29.20000000,29.20000000,29.20000000,29.20000000,2022-12-03 17:00:59.999
2022-12-03 17:01:00,29.20000000,29.20000000,29.20000000,29.20000000,2022-12-03 17:01:59.999
2022-12-03 17:02:00,29.20000000,29.20000000,29.20000000,29.20000000,2022-12-03 17:02:59.999
2022-12-03 17:03:00,29.20000000,29.20000000,29.20000000,29.20000000,2022-12-03 17:03:59.999
2022-12-03 17:04:00,29.20000000,29.20000000,29.20000000,29.20000000,2022-12-03 17:04:59.999
2022-12-03 17:05:00,29.20000000,29.20000000,29.20000000,29.20000000,2022-12-03 17:05:59.999
2022-12-03 17:06:00,29.20000000,29.20000000,29.20000000,29.20000000,2022-12-03 17:06:59.999
2022-12-03 17:07:00,29.20000000,29.20000000,29.20000000,29.20000000,2022-12-03 17:07:59.999
2022-12-03 17:08:00,29.20000000,29.20000000,29.20000000,29.20000000,2022-12-03 17:08:59.999
2022-12-03 17:09:00,29.20000000,29.20000000,29.20000000,29.20000000,2022-12-03 17:09:59.999
2022-12-03 17:10:00,29.20000000,29.20000000,29.20000000,29.20000000,2022-12-03 17:10:59.999
2022-12-03 17:11:00,29.20000000,29.20000000,29.20000000,29.20000000,2022-12-03 17:11:59.999
2022-12-03 17:12:00,29.20000000,29.20000000,29.20000000,29.20000000,2022-12-03 17:12:59.999
2022-12-03 17:13:00,29.20000000,29.20000000,29.20000000,29.20000000,2022-12-03 17:13:59.999
2022-12-03 17:14:00,29.10000000,29.10000000,29.00000000,29.00000000,2022-12-03 17:14:59.999
2022-12-03 17:15:00,29.00000000,29.00000000,29.00000000,29.00000000,2022-12-03 17:15:59.999
2022-12-03 17:16:00,29.30000000,29.30000000,29.30000000,29.30000000,2022-12-03 17:16:59.999
2022-12-03 17:17:00,29.30000000,29.30000000,29.30000000,29.30000000,2022-12-03 17:17:59.999
2022-12-03 17:18:00,29.30000000,29.30000000,29.30000000,29.30000000,2022-12-03 17:18:59.999
2022-12-03 17:19:00,29.30000000,29.30000000,29.30000000,29.30000000,2022-12-03 17:19:59.999
2022-12-03 17:20:00,29.30000000,29.30000000,29.30000000,29.30000000,2022-12-03 17:20:59.999
2022-12-03 17:21:00,29.30000000,29.30000000,29.30000000,29.30000000,2022-12-03 17:21:59.999
2022-12-03 17:22:00,29.30000000,29.30000000,29.30000000,29.30000000,2022-12-03 17:22:59.999
2022-12-03 17:23:00,29.30000000,29.30000000,29.30000000,29.30000000,2022-12-03 17:23:59.999
2022-12-03 17:24:00,29.30000000,29.30000000,29.30000000,29.30000000,2022-12-03 17:24:59.999
2022-12-03 17:25:00,29.30000000,29.30000000,29.30000000,29.30000000,2022-12-03 17:25:59.999
2022-12-03 17:26:00,29.30000000,29.30000000,29.30000000,29.30000000,2022-12-03 17:26:59.999
2022-12-03 17:27:00,29.30000000,29.30000000,29.30000000,29.30000000,2022-12-03 17:27:59.999
2022-12-03 17:28:00,29.30000000,29.30000000,29.30000000,29.30000000,2022-12-03 17:28:59.999
2022-12-03 17:29:00,29.30000000,29.30000000,29.30000000,29.30000000,2022-12-03 17:29:59.999
2022-12-03 17:30:00,29.30000000,29.30000000,29.30000000,29.30000000,2022-12-03 17:30:59.999
2022-12-03 17:31:00,29.30000000,29.30000000,29.30000000,29.30000000,2022-12-03 17:31:59.999
2022-12-03 17:32:00,29.30000000,29.30000000,29.30000000,29.30000000,2022-12-03 17:32:59.999
2022-12-03 17:33:00,29.30000000,29.30000000,29.30000000,29.30000000,2022-12-03 17:33:59.999
2022-12-03 17:34:00,29.30000000,29.30000000,29.30000000,29.30000000,2022-12-03 17:34:59.999
2022-12-03 17:35:00,29.30000000,29.30000000,29.30000000,29.30000000,2022-12-03 17:35:59.999
2022-12-03 17:36:00,29.30000000,29.30000000,29.30000000,29.30000000,2022-12-03 17:36:59.999
2022-12-03 17:37:00,29.30000000,29.30000000,29.30000000,29.30000000,2022-12-03 17:37:59.999
2022-12-03 17:38:00,29.30000000,29.30000000,29.30000000,29.30000000,2022-12-03 17:38:59.999
2022-12-03 17:39:00,29.30000000,29.30000000,29.30000000,29.30000000,2022-12-03 17:39:59.999
2022-12-03 17:40:00,29.30000000,29.30000000,29.30000000,29.30000000,2022-12-03 17:40:59.999
2022-12-03 17:41:00,29.30000000,29.30000000,29.30000000,29.30000000,2022-12-03 17:41:59.999
2022-12-03 17:42:00,29.30000000,29.30000000,29.30000000,29.30000000,2022-12-03 17:42:59.999
2022-12-03 17:43:00,29.30000000,29.30000000,29.30000000,29.30000000,2022-12-03 17:43:59.999
2022-12-03 17:44:00,29.30000000,29.30000000,29.30000000,29.30000000,2022-12-03 17:44:59.999
2022-12-03 17:45:00,29.30000000,29.30000000,29.30000000,29.30000000,2022-12-03 17:45:59.999
2022-12-03 17:46:00,29.30000000,29.30000000,29.30000000,29.30000000,2022-12-03 17:46:59.999
2022-12-03 17:47:00,29.30000000,29.30000000,29.30000000,29.30000000,2022-12-03 17:47:59.999
2022-12-03 17:48:00,29.30000000,29.30000000,29.30000000,29.30000000,2022-12-03 17:48:59.999
2022-12-03 17:49:00,29.30000000,29.30000000,29.30000000,29.30000000,2022-12-03 17:49:59.999
2022-12-03 17:50:00,29.30000000,29.30000000,29.30000000,29.30000000,2022-12-03 17:50:59.999
2022-12-03 17:51:00,29.30000000,29.30000000,29.30000000,29.30000000,2022-12-03 17:51:59.999
2022-12-03 17:52:00,29.30000000,29.30000000,29.30000000,29.30000000,2022-12-03 17:52:59.999
2022-12-03 17:53:00,29.30000000,29.30000000,29.30000000,29.30000000,2022-12-03 17:53:59.999
2022-12-03 17:54:00,29.30000000,29.30000000,29.30000000,29.30000000,2022-12-03 17:54:59.999
2022-12-03 17:55:00,29.30000000,29.30000000,29.30000000,29.30000000,2022-12-03 17:55:59.999
2022-12-03 17:56:00,29.30000000,29.30000000,29.30000000,29.30000000,2022-12-03 17:56:59.999
2022-12-03 17:57:00,29.30000000,29.30000000,29.30000000,29.30000000,2022-12-03 17:57:59.999
2022-12-03 17:58:00,29.30000000,29.30000000,29.30000000,29.30000000,2022-12-03 17:58:59.999
2022-12-03 17:59:00,29.30000000,29.30000000,29.30000000,29.30000000,2022-12-03 17:59:59.999
2022-12-03 18:00:00,29.20000000,29.20000000,29.20000000,29.20000000,2022-12-03 18:00:59.999
2022-12-03 18:01:00,29.20000000,29.20000000,29.20000000,29.20000000,2022-12-03 18:01:59.999
2022-12-03 18:02:00,29.10000000,29.10000000,29.10000000,29.10000000,2022-12-03 18:02:59.999
2022-12-03 18:03:00,29.10000000,29.10000000,29.10000000,29.10000000,2022-12-03 18:03:59.999
2022-12-03 18:04:00,29.10000000,29.10000000,29.10000000,29.10000000,2022-12-03 18:04:59.999
2022-12-03 18:05:00,29.10000000,29.10000000,29.10000000,29.10000000,2022-12-03 18:05:59.999
2022-12-03 18:06:00,29.10000000,29.10000000,29.10000000,29.10000000,2022-12-03 18:06:59.999
2022-12-03 18:07:00,29.10000000,29.10000000,29.10000000,29.10000000,2022-12-03 18:07:59.999
2022-12-03 18:08:00,29.00000000,29.00000000,29.00000000,29.00000000,2022-12-03 18:08:59.999
2022-12-03 18:09:00,29.00000000,29.00000000,29.00000000,29.00000000,2022-12-03 18:09:59.999
2022-12-03 18:10:00,29.00000000,29.00000000,29.00000000,29.00000000,2022-12-03 18:10:59.999
2022-12-03 18:11:00,29.00000000,29.00000000,29.00000000,29.00000000,2022-12-03 18:11:59.999
2022-12-03 18:12:00,29.00000000,29.00000000,29.00000000,29.00000000,2022-12-03 18:12:59.999
2022-12-03 18:13:00,29.00000000,29.00000000,29.00000000,29.00000000,2022-12-03 18:13:59.999
2022-12-03 18:14:00,29.00000000,29.00000000,29.00000000,29.00000000,2022-12-03 18:14:59.999
2022-12-03 18:15:00,29.00000000,29.00000000,29.00000000,29.00000000,2022-12-03 18:15:59.999
2022-12-03 18:16:00,29.10000000,29.10000000,29.10000000,29.10000000,2022-12-03 18:16:59.999
2022-12-03 18:17:00,29.10000000,29.10000000,29.10000000,29.10000000,2022-12-03 18:17:59.999
2022-12-03 18:18:00,29.10000000,29.10000000,29.10000000,29.10000000,2022-12-03 18:18:59.999
2022-12-03 18:19:00,29.10000000,29.10000000,29.10000000,29.10000000,2022-12-03 18:19:59.999
2022-12-03 18:20:00,29.10000000,29.10000000,29.10000000,29.10000000,2022-12-03 18:20:59.999
2022-12-03 18:21:00,29.20000000,29.20000000,29.20000000,29.20000000,2022-12-03 18:21:59.999
2022-12-03 18:22:00,29.20000000,29.20000000,29.20000000,29.20000000,2022-12-03 18:22:59.999
2022-12-03 18:23:00,29.20000000,29.20000000,29.20000000,29.20000000,2022-12-03 18:23:59.999
2022-12-03 18:24:00,29.20000000,29.20000000,29.20000000,29.20000000,2022-12-03 18:24:59.999
2022-12-03 18:25:00,29.20000000,29.20000000,29.20000000,29.20000000,2022-12-03 18:25:59.999
2022-12-03 18:26:00,29.20000000,29.20000000,29.20000000,29.20000000,2022-12-03 18:26:59.999
2022-12-03 18:27:00,29.20000000,29.20000000,29.20000000,29.20000000,2022-12-03 18:27:59.999
2022-12-03 18:28:00,29.20000000,29.20000000,29.20000000,29.20000000,2022-12-03 18:28:59.999
2022-12-03 18:29:00,29.20000000,29.20000000,29.20000000,29.20000000,2022-12-03 18:29:59.999
2022-12-03 18:30:00,29.20000000,29.20000000,29.20000000,29.20000000,2022-12-03 18:30:59.999
2022-12-03 18:31:00,29.20000000,29.20000000,29.20000000,29.20000000,2022-12-03 18:31:59.999
2022-12-03 18:32:00,29.20000000,29.20000000,29.20000000,29.20000000,2022-12-03 18:32:59.999
2022-12-03 18:33:00,29.20000000,29.20000000,29.20000000,29.20000000,2022-12-03 18:33:59.999
2022-12-03 18:34:00,29.20000000,29.20000000,29.20000000,29.20000000,2022-12-03 18:34:59.999
2022-12-03 18:35:00,29.10000000,29.10000000,29.10000000,29.10000000,2022-12-03 18:35:59.999
2022-12-03 18:36:00,29.10000000,29.10000000,29.10000000,29.10000000,2022-12-03 18:36:59.999
2022-12-03 18:37:00,29.10000000,29.10000000,29.10000000,29.10000000,2022-12-03 18:37:59.999
2022-12-03 18:38:00,29.10000000,29.10000000,29.10000000,29.10000000,2022-12-03 18:38:59.999
2022-12-03 18:39:00,29.10000000,29.10000000,29.10000000,29.10000000,2022-12-03 18:39:59.999
2022-12-03 18:40:00,29.10000000,29.10000000,29.10000000,29.10000000,2022-12-03 18:40:59.999
2022-12-03 18:41:00,29.10000000,29.10000000,29.10000000,29.10000000,2022-12-03 18:41:59.999
2022-12-03 18:42:00,29.10000000,29.10000000,29.10000000,29.10000000,2022-12-03 18:42:59.999
2022-12-03 18:43:00,29.20000000,29.20000000,29.20000000,29.20000000,2022-12-03 18:43:59.999
2022-12-03 18:44:00,29.20000000,29.20000000,29.20000000,29.20000000,2022-12-03 18:44:59.999
2022-12-03 18:45:00,29.20000000,29.20000000,29.20000000,29.20000000,2022-12-03 18:45:59.999
2022-12-03 18:46:00,29.20000000,29.20000000,29.20000000,29.20000000,2022-12-03 18:46:59.999
2022-12-03 18:47:00,29.20000000,29.20000000,29.20000000,29.20000000,2022-12-03 18:47:59.999
2022-12-03 18:48:00,29.20000000,29.20000000,29.20000000,29.20000000,2022-12-03 18:48:59.999
2022-12-03 18:49:00,29.20000000,29.20000000,29.20000000,29.20000000,2022-12-03 18:49:59.999
2022-12-03 18:50:00,29.20000000,29.20000000,29.20000000,29.20000000,2022-12-03 18:50:59.999
2022-12-03 18:51:00,29.20000000,29.20000000,29.20000000,29.20000000,2022-12-03 18:51:59.999
2022-12-03 18:52:00,29.20000000,29.20000000,29.20000000,29.20000000,2022-12-03 18:52:59.999
2022-12-03 18:53:00,29.20000000,29.20000000,29.20000000,29.20000000,2022-12-03 18:53:59.999
2022-12-03 18:54:00,29.20000000,29.20000000,29.20000000,29.20000000,2022-12-03 18:54:59.999
2022-12-03 18:55:00,29.20000000,29.20000000,29.20000000,29.20000000,2022-12-03 18:55:59.999
2022-12-03 18:56:00,29.20000000,29.20000000,29.20000000,29.20000000,2022-12-03 18:56:59.999
2022-12-03 18:57:00,29.20000000,29.20000000,29.20000000,29.20000000,2022-12-03 18:57:59.999
2022-12-03 18:58:00,29.20000000,29.20000000,29.20000000,29.20000000,2022-12-03 18:58:59.999
2022-12-03 18:59:00,29.20000000,29.20000000,29.20000000,29.20000000,2022-12-03 18:59:59.999
2022-12-03 19:00:00,29.20000000,29.20000000,29.20000000,29.20000000,2022-12-03 19:00:59.999
2022-12-03 19:01:00,29.20000000,29.20000000,29.20000000,29.20000000,2022-12-03 19:01:59.999
2022-12-03 19:02:00,29.20000000,29.20000000,29.20000000,29.20000000,2022-12-03 19:02:59.999
2022-12-03 19:03:00,29.20000000,29.20000000,29.20000000,29.20000000,2022-12-03 19:03:59.999
2022-12-03 19:04:00,29.20000000,29.20000000,29.20000000,29.20000000,2022-12-03 19:04:59.999
2022-12-03 19:05:00,29.20000000,29.20000000,29.20000000,29.20000000,2022-12-03 19:05:59.999
2022-12-03 19:06:00,29.20000000,29.20000000,29.20000000,29.20000000,2022-12-03 19:06:59.999
2022-12-03 19:07:00,29.20000000,29.20000000,29.20000000,29.20000000,2022-12-03 19:07:59.999
2022-12-03 19:08:00,29.20000000,29.20000000,29.20000000,29.20000000,2022-12-03 19:08:59.999
2022-12-03 19:09:00,29.20000000,29.20000000,29.20000000,29.20000000,2022-12-03 19:09:59.999
2022-12-03 19:10:00,29.20000000,29.20000000,29.20000000,29.20000000,2022-12-03 19:10:59.999
2022-12-03 19:11:00,29.20000000,29.20000000,29.20000000,29.20000000,2022-12-03 19:11:59.999
2022-12-03 19:12:00,29.20000000,29.20000000,29.20000000,29.20000000,2022-12-03 19:12:59.999
2022-12-03 19:13:00,29.20000000,29.20000000,29.20000000,29.20000000,2022-12-03 19:13:59.999
2022-12-03 19:14:00,29.20000000,29.20000000,29.20000000,29.20000000,2022-12-03 19:14:59.999
2022-12-03 19:15:00,29.20000000,29.20000000,29.20000000,29.20000000,2022-12-03 19:15:59.999
2022-12-03 19:16:00,29.20000000,29.20000000,29.20000000,29.20000000,2022-12-03 19:16:59.999
2022-12-03 19:17:00,29.20000000,29.20000000,29.20000000,29.20000000,2022-12-03 19:17:59.999
2022-12-03 19:18:00,29.20000000,29.20000000,29.20000000,29.20000000,2022-12-03 19:18:59.999
2022-12-03 19:19:00,29.20000000,29.20000000,29.20000000,29.20000000,2022-12-03 19:19:59.999
2022-12-03 19:20:00,29.20000000,29.20000000,29.20000000,29.20000000,2022-12-03 19:20:59.999
2022-12-03 19:21:00,29.20000000,29.20000000,29.20000000,29.20000000,2022-12-03 19:21:59.999
2022-12-03 19:22:00,29.20000000,29.20000000,29.20000000,29.20000000,2022-12-03 19:22:59.999
2022-12-03 19:23:00,29.20000000,29.20000000,29.20000000,29.20000000,2022-12-03 19:23:59.999
2022-12-03 19:24:00,29.20000000,29.20000000,29.20000000,29.20000000,2022-12-03 19:24:59.999
2022-12-03 19:25:00,29.20000000,29.20000000,29.20000000,29.20000000,2022-12-03 19:25:59.999
2022-12-03 19:26:00,29.20000000,29.20000000,29.20000000,29.20000000,2022-12-03 19:26:59.999
2022-12-03 19:27:00,29.20000000,29.20000000,29.20000000,29.20000000,2022-12-03 19:27:59.999
2022-12-03 19:28:00,29.20000000,29.20000000,29.20000000,29.20000000,2022-12-03 19:28:59.999
2022-12-03 19:29:00,29.20000000,29.20000000,29.20000000,29.20000000,2022-12-03 19:29:59.999
2022-12-03 19:30:00,29.20000000,29.20000000,29.20000000,29.20000000,2022-12-03 19:30:59.999
2022-12-03 19:31:00,29.20000000,29.20000000,29.20000000,29.20000000,2022-12-03 19:31:59.999
2022-12-03 19:32:00,29.20000000,29.20000000,29.20000000,29.20000000,2022-12-03 19:32:59.999
2022-12-03 19:33:00,29.20000000,29.20000000,29.20000000,29.20000000,2022-12-03 19:33:59.999
2022-12-03 19:34:00,29.20000000,29.20000000,29.20000000,29.20000000,2022-12-03 19:34:59.999
2022-12-03 19:35:00,29.20000000,29.20000000,29.20000000,29.20000000,2022-12-03 19:35:59.999
2022-12-03 19:36:00,29.20000000,29.20000000,29.20000000,29.20000000,2022-12-03 19:36:59.999
2022-12-03 19:37:00,29.10000000,29.10000000,29.10000000,29.10000000,2022-12-03 19:37:59.999
2022-12-03 19:38:00,29.10000000,29.10000000,29.10000000,29.10000000,2022-12-03 19:38:59.999
2022-12-03 19:39:00,29.10000000,29.10000000,29.10000000,29.10000000,2022-12-03 19:39:59.999
2022-12-03 19:40:00,29.10000000,29.10000000,29.10000000,29.10000000,2022-12-03 19:40:59.999
2022-12-03 19:41:00,29.10000000,29.10000000,29.10000000,29.10000000,2022-12-03 19:41:59.999
2022-12-03 19:42:00,29.10000000,29.10000000,29.10000000,29.10000000,2022-12-03 19:42:59.999
2022-12-03 19:43:00,29.10000000,29.10000000,29.10000000,29.10000000,2022-12-03 19:43:59.999
2022-12-03 19:44:00,29.10000000,29.10000000,29.10000000,29.10000000,2022-12-03 19:44:59.999
2022-12-03 19:45:00,29.10000000,29.10000000,29.10000000,29.10000000,2022-12-03 19:45:59.999
2022-12-03 19:46:00,29.10000000,29.10000000,29.10000000,29.10000000,2022-12-03 19:46:59.999
2022-12-03 19:47:00,29.00000000,29.00000000,29.00000000,29.00000000,2022-12-03 19:47:59.999
2022-12-03 19:48:00,29.00000000,29.00000000,29.00000000,29.00000000,2022-12-03 19:48:59.999
2022-12-03 19:49:00,29.00000000,29.00000000,29.00000000,29.00000000,2022-12-03 19:49:59.999
2022-12-03 19:50:00,29.00000000,29.00000000,29.00000000,29.00000000,2022-12-03 19:50:59.999
2022-12-03 19:51:00,29.00000000,29.00000000,29.00000000,29.00000000,2022-12-03 19:51:59.999
2022-12-03 19:52:00,29.00000000,29.00000000,29.00000000,29.00000000,2022-12-03 19:52:59.999
2022-12-03 19:53:00,29.10000000,29.10000000,29.10000000,29.10000000,2022-12-03 19:53:59.999
2022-12-03 19:54:00,29.10000000,29.10000000,29.10000000,29.10000000,2022-12-03 19:54:59.999
2022-12-03 19:55:00,29.10000000,29.10000000,29.10000000,29.10000000,2022-12-03 19:55:59.999
2022-12-03 19:56:00,29.10000000,29.10000000,29.10000000,29.10000000,2022-12-03 19:56:59.999
2022-12-03 19:57:00,29.10000000,29.10000000,29.10000000,29.10000000,2022-12-03 19:57:59.999
2022-12-03 19:58:00,29.10000000,29.10000000,29.10000000,29.10000000,2022-12-03 19:58:59.999
2022-12-03 19:59:00,29.10000000,29.10000000,29.10000000,29.10000000,2022-12-03 19:59:59.999
2022-12-03 20:00:00,29.10000000,29.10000000,29.10000000,29.10000000,2022-12-03 20:00:59.999
2022-12-03 20:01:00,29.10000000,29.10000000,29.10000000,29.10000000,2022-12-03 20:01:59.999
2022-12-03 20:02:00,29.10000000,29.10000000,29.10000000,29.10000000,2022-12-03 20:02:59.999
2022-12-03 20:03:00,29.00000000,29.00000000,29.00000000,29.00000000,2022-12-03 20:03:59.999
2022-12-03 20:04:00,29.00000000,29.00000000,29.00000000,29.00000000,2022-12-03 20:04:59.999
2022-12-03 20:05:00,29.10000000,29.10000000,29.10000000,29.10000000,2022-12-03 20:05:59.999
2022-12-03 20:06:00,29.10000000,29.10000000,29.10000000,29.10000000,2022-12-03 20:06:59.999
2022-12-03 20:07:00,29.10000000,29.10000000,29.10000000,29.10000000,2022-12-03 20:07:59.999
2022-12-03 20:08:00,29.10000000,29.10000000,29.10000000,29.10000000,2022-12-03 20:08:59.999
2022-12-03 20:09:00,29.10000000,29.10000000,29.10000000,29.10000000,2022-12-03 20:09:59.999
2022-12-03 20:10:00,29.10000000,29.10000000,29.10000000,29.10000000,2022-12-03 20:10:59.999
2022-12-03 20:11:00,29.10000000,29.10000000,29.10000000,29.10000000,2022-12-03 20:11:59.999
2022-12-03 20:12:00,29.10000000,29.10000000,29.10000000,29.10000000,2022-12-03 20:12:59.999
2022-12-03 20:13:00,29.10000000,29.10000000,29.10000000,29.10000000,2022-12-03 20:13:59.999
2022-12-03 20:14:00,29.10000000,29.10000000,29.10000000,29.10000000,2022-12-03 20:14:59.999
2022-12-03 20:15:00,29.10000000,29.10000000,29.10000000,29.10000000,2022-12-03 20:15:59.999
2022-12-03 20:16:00,29.10000000,29.10000000,29.10000000,29.10000000,2022-12-03 20:16:59.999
2022-12-03 20:17:00,29.10000000,29.10000000,29.10000000,29.10000000,2022-12-03 20:17:59.999
2022-12-03 20:18:00,29.10000000,29.10000000,29.10000000,29.10000000,2022-12-03 20:18:59.999
2022-12-03 20:19:00,29.10000000,29.10000000,29.10000000,29.10000000,2022-12-03 20:19:59.999
2022-12-03 20:20:00,29.10000000,29.10000000,29.10000000,29.10000000,2022-12-03 20:20:59.999
2022-12-03 20:21:00,29.10000000,29.10000000,29.10000000,29.10000000,2022-12-03 20:21:59.999
2022-12-03 20:22:00,29.10000000,29.10000000,29.10000000,29.10000000,2022-12-03 20:22:59.999
2022-12-03 20:23:00,29.10000000,29.10000000,29.10000000,29.10000000,2022-12-03 20:23:59.999
2022-12-03 20:24:00,29.10000000,29.10000000,29.10000000,29.10000000,2022-12-03 20:24:59.999
2022-12-03 20:25:00,29.10000000,29.10000000,29.10000000,29.10000000,2022-12-03 20:25:59.999
2022-12-03 20:26:00,29.10000000,29.10000000,29.10000000,29.10000000,2022-12-03 20:26:59.999
2022-12-03 20:27:00,29.10000000,29.10000000,29.10000000,29.10000000,2022-12-03 20:27:59.999
2022-12-03 20:28:00,29.10000000,29.10000000,29.10000000,29.10000000,2022-12-03 20:28:59.999
2022-12-03 20:29:00,29.10000000,29.10000000,29.10000000,29.10000000,2022-12-03 20:29:59.999
2022-12-03 20:30:00,29.10000000,29.10000000,29.10000000,29.10000000,2022-12-03 20:30:59.999
2022-12-03 20:31:00,29.10000000,29.10000000,29.10000000,29.10000000,2022-12-03 20:31:59.999
2022-12-03 20:32:00,29.10000000,29.10000000,29.10000000,29.10000000,2022-12-03 20:32:59.999
2022-12-03 20:33:00,29.10000000,29.10000000,29.10000000,29.10000000,2022-12-03 20:33:59.999
2022-12-03 20:34:00,29.10000000,29.10000000,29.10000000,29.10000000,2022-12-03 20:34:59.999
2022-12-03 20:35:00,29.10000000,29.10000000,29.10000000,29.10000000,2022-12-03 20:35:59.999
2022-12-03 20:36:00,29.10000000,29.10000000,29.10000000,29.10000000,2022-12-03 20:36:59.999
2022-12-03 20:37:00,29.10000000,29.10000000,29.10000000,29.10000000,2022-12-03 20:37:59.999
2022-12-03 20:38:00,29.10000000,29.10000000,29.10000000,29.10000000,2022-12-03 20:38:59.999
2022-12-03 20:39:00,29.10000000,29.10000000,29.10000000,29.10000000,2022-12-03 20:39:59.999
2022-12-03 20:40:00,29.10000000,29.10000000,29.10000000,29.10000000,2022-12-03 20:40:59.999
2022-12-03 20:41:00,29.10000000,29.10000000,29.10000000,29.10000000,2022-12-03 20:41:59.999
2022-12-03 20:42:00,29.10000000,29.10000000,29.10000000,29.10000000,2022-12-03 20:42:59.999
2022-12-03 20:43:00,29.10000000,29.10000000,29.10000000,29.10000000,2022-12-03 20:43:59.999
2022-12-03 20:44:00,29.10000000,29.10000000,29.10000000,29.10000000,2022-12-03 20:44:59.999
2022-12-03 20:45:00,29.10000000,29.10000000,29.10000000,29.10000000,2022-12-03 20:45:59.999
2022-12-03 20:46:00,29.10000000,29.10000000,29.10000000,29.10000000,2022-12-03 20:46:59.999
2022-12-03 20:47:00,29.10000000,29.10000000,29.10000000,29.10000000,2022-12-03 20:47:59.999
2022-12-03 20:48:00,29.10000000,29.10000000,29.10000000,29.10000000,2022-12-03 20:48:59.999
2022-12-03 20:49:00,29.10000000,29.10000000,29.10000000,29.10000000,2022-12-03 20:49:59.999
2022-12-03 20:50:00,29.10000000,29.10000000,29.10000000,29.10000000,2022-12-03 20:50:59.999
2022-12-03 20:51:00,29.10000000,29.10000000,29.10000000,29.10000000,2022-12-03 20:51:59.999
2022-12-03 20:52:00,29.10000000,29.10000000,29.10000000,29.10000000,2022-12-03 20:52:59.999
2022-12-03 20:53:00,29.10000000,29.10000000,29.10000000,29.10000000,2022-12-03 20:53:59.999
2022-12-03 20:54:00,29.10000000,29.10000000,29.10000000,29.10000000,2022-12-03 20:54:59.999
2022-12-03 20:55:00,29.10000000,29.10000000,29.10000000,29.10000000,2022-12-03 20:55:59.999
2022-12-03 20:56:00,29.10000000,29.10000000,29.10000000,29.10000000,2022-12-03 20:56:59.999
2022-12-03 20:57:00,29.00000000,29.00000000,28.90000000,28.90000000,2022-12-03 20:57:59.999
2022-12-03 20:58:00,28.90000000,28.90000000,28.90000000,28.90000000,2022-12-03 20:58:59.999
2022-12-03 20:59:00,28.90000000,28.90000000,28.90000000,28.90000000,2022-12-03 20:59:59.999
2022-12-03 21:00:00,28.90000000,28.90000000,28.90000000,28.90000000,2022-12-03 21:00:59.999
2022-12-03 21:01:00,28.90000000,28.90000000,28.90000000,28.90000000,2022-12-03 21:01:59.999
2022-12-03 21:02:00,28.90000000,28.90000000,28.90000000,28.90000000,2022-12-03 21:02:59.999
2022-12-03 21:03:00,29.00000000,29.00000000,29.00000000,29.00000000,2022-12-03 21:03:59.999
2022-12-03 21:04:00,29.00000000,29.00000000,29.00000000,29.00000000,2022-12-03 21:04:59.999
2022-12-03 21:05:00,28.90000000,28.90000000,28.80000000,28.80000000,2022-12-03 21:05:59.999
2022-12-03 21:06:00,28.80000000,28.80000000,28.80000000,28.80000000,2022-12-03 21:06:59.999
2022-12-03 21:07:00,28.90000000,28.90000000,28.90000000,28.90000000,2022-12-03 21:07:59.999
2022-12-03 21:08:00,28.90000000,28.90000000,28.90000000,28.90000000,2022-12-03 21:08:59.999
2022-12-03 21:09:00,28.90000000,28.90000000,28.90000000,28.90000000,2022-12-03 21:09:59.999
2022-12-03 21:10:00,28.90000000,28.90000000,28.90000000,28.90000000,2022-12-03 21:10:59.999
2022-12-03 21:11:00,28.90000000,28.90000000,28.90000000,28.90000000,2022-12-03 21:11:59.999
2022-12-03 21:12:00,28.90000000,28.90000000,28.90000000,28.90000000,2022-12-03 21:12:59.999
2022-12-03 21:13:00,28.90000000,28.90000000,28.90000000,28.90000000,2022-12-03 21:13:59.999
2022-12-03 21:14:00,28.90000000,28.90000000,28.90000000,28.90000000,2022-12-03 21:14:59.999
2022-12-03 21:15:00,28.90000000,28.90000000,28.90000000,28.90000000,2022-12-03 21:15:59.999
2022-12-03 21:16:00,28.90000000,28.90000000,28.90000000,28.90000000,2022-12-03 21:16:59.999
2022-12-03 21:17:00,28.90000000,28.90000000,28.90000000,28.90000000,2022-12-03 21:17:59.999
2022-12-03 21:18:00,28.90000000,28.90000000,28.90000000,28.90000000,2022-12-03 21:18:59.999
2022-12-03 21:19:00,28.90000000,28.90000000,28.90000000,28.90000000,2022-12-03 21:19:59.999
